trial_number,timestamp_ms,gsr_raw,gsr_derivative,gsr_threshold,target_value,current_state,instantaneous_score,cumulative_score
1,18011,768,-7,5,Calmed,Excited,0,0
1,18016,768,-7,5,Calmed,Excited,0,0
1,18022,768,-7,5,Calmed,Excited,0,0
1,18025,768,-7,5,Calmed,Excited,0,0
1,18027,768,-7,5,Calmed,Excited,0,0
1,18029,768,-7,5,Calmed,Excited,0,0
1,18039,768,-7,5,Calmed,Excited,0,0
1,18042,768,-7,5,Calmed,Excited,0,0
1,18044,768,-7,5,Calmed,Excited,0,0
1,18047,768,-7,5,Calmed,Excited,0,0
1,18056,768,-7,5,Calmed,Excited,0,0
1,18058,768,-7,5,Calmed,Excited,0,0
1,18061,768,-7,5,Calmed,Excited,0,0
1,18064,768,-7,5,Calmed,Excited,0,0
1,18073,768,-7,5,Calmed,Excited,0,0
1,18075,768,-7,5,Calmed,Excited,0,0
1,18078,768,-7,5,Calmed,Excited,0,0
1,18080,768,-7,5,Calmed,Excited,0,0
1,18089,768,-7,5,Calmed,Excited,0,0
1,18092,768,-7,5,Calmed,Excited,0,0
1,18094,768,-7,5,Calmed,Excited,0,0
1,18097,768,-7,5,Calmed,Excited,0,0
1,18106,768,-7,5,Calmed,Excited,0,0
1,18108,768,-7,5,Calmed,Excited,0,0
1,18111,768,-7,5,Calmed,Excited,0,0
1,18114,768,-7,5,Calmed,Excited,0,0
1,18123,768,-7,5,Calmed,Excited,0,0
1,18125,768,-7,5,Calmed,Excited,0,0
1,18127,768,-7,5,Calmed,Excited,0,0
1,18130,768,-7,5,Calmed,Excited,0,0
1,18139,768,-7,5,Calmed,Excited,0,0
1,18142,768,-7,5,Calmed,Excited,0,0
1,18145,768,-7,5,Calmed,Excited,0,0
1,18148,768,-7,5,Calmed,Excited,0,0
1,18156,768,-7,5,Calmed,Excited,0,0
1,18159,768,-7,5,Calmed,Excited,0,0
1,18161,768,-7,5,Calmed,Excited,0,0
1,18164,768,-7,5,Calmed,Excited,0,0
1,18173,768,-7,5,Calmed,Excited,0,0
1,18175,768,-7,5,Calmed,Excited,0,0
1,18178,768,-7,5,Calmed,Excited,0,0
1,18180,768,-7,5,Calmed,Excited,0,0
1,18189,768,-7,5,Calmed,Excited,0,0
1,18192,768,-7,5,Calmed,Excited,0,0
1,18194,768,-7,5,Calmed,Excited,0,0
1,18197,768,-7,5,Calmed,Excited,0,0
1,18206,768,-7,5,Calmed,Excited,0,0
1,18208,768,-7,5,Calmed,Excited,0,0
1,18211,768,-7,5,Calmed,Excited,0,0
1,18213,768,-7,5,Calmed,Excited,0,0
1,18223,768,-7,5,Calmed,Excited,0,0
1,18225,768,-7,5,Calmed,Excited,0,0
1,18228,768,-7,5,Calmed,Excited,0,0
1,18230,768,-7,5,Calmed,Excited,0,0
1,18239,768,-7,5,Calmed,Excited,0,0
1,18242,768,-6,5,Calmed,Excited,0,0
1,18244,768,-6,5,Calmed,Excited,0,0
1,18247,768,-6,5,Calmed,Excited,0,0
1,18256,768,-6,5,Calmed,Excited,0,0
1,18259,768,-6,5,Calmed,Excited,0,0
1,18261,768,-6,5,Calmed,Excited,0,0
1,18263,768,-6,5,Calmed,Excited,0,0
1,18273,768,-6,5,Calmed,Excited,0,0
1,18275,768,-6,5,Calmed,Excited,0,0
1,18278,768,-6,5,Calmed,Excited,0,0
1,18280,768,-6,5,Calmed,Excited,0,0
1,18289,768,-6,5,Calmed,Excited,0,0
1,18292,768,-6,5,Calmed,Excited,0,0
1,18294,768,-6,5,Calmed,Excited,0,0
1,18297,768,-6,5,Calmed,Excited,0,0
1,18306,768,-6,5,Calmed,Excited,0,0
1,18309,768,-6,5,Calmed,Excited,0,0
1,18311,768,-6,5,Calmed,Excited,0,0
1,18313,768,-6,5,Calmed,Excited,0,0
1,18323,768,-6,5,Calmed,Excited,0,0
1,18326,768,-6,5,Calmed,Excited,0,0
1,18329,768,-6,5,Calmed,Excited,0,0
1,18332,768,-6,5,Calmed,Excited,0,0
1,18341,768,-6,5,Calmed,Excited,0,0
1,18344,767,-7,5,Calmed,Excited,0,0
1,18347,767,-7,5,Calmed,Excited,0,0
1,18356,767,-7,5,Calmed,Excited,0,0
1,18360,767,-7,5,Calmed,Excited,0,0
1,18363,767,-7,5,Calmed,Excited,0,0
1,18373,767,-7,5,Calmed,Excited,0,0
1,18376,767,-7,5,Calmed,Excited,0,0
1,18379,767,-7,5,Calmed,Excited,0,0
1,18382,767,-7,5,Calmed,Excited,0,0
1,18390,767,-7,5,Calmed,Excited,0,0
1,18393,768,-6,5,Calmed,Excited,0,0
1,18396,768,-6,5,Calmed,Excited,0,0
1,18406,768,-6,5,Calmed,Excited,0,0
1,18409,768,-6,5,Calmed,Excited,0,0
1,18411,768,-6,5,Calmed,Excited,0,0
1,18414,768,-6,5,Calmed,Excited,0,0
1,18423,768,-6,5,Calmed,Excited,0,0
1,18426,768,-6,5,Calmed,Excited,0,0
1,18428,768,-6,5,Calmed,Excited,0,0
1,18431,768,-6,5,Calmed,Excited,0,0
1,18440,768,-6,5,Calmed,Excited,0,0
1,18443,768,-6,5,Calmed,Excited,0,0
1,18446,768,-6,5,Calmed,Excited,0,0
1,18459,768,-6,5,Calmed,Excited,0,0
1,18463,768,-6,5,Calmed,Excited,0,0
1,18473,768,-6,5,Calmed,Excited,0,0
1,18476,768,-6,5,Calmed,Excited,0,0
1,18479,768,-6,5,Calmed,Excited,0,0
1,18490,768,-6,5,Calmed,Excited,0,0
1,18492,768,-6,5,Calmed,Excited,0,0
1,18494,768,-6,5,Calmed,Excited,0,0
1,18497,768,-6,5,Calmed,Excited,0,0
1,18506,768,-6,5,Calmed,Excited,0,0
1,18509,768,-6,5,Calmed,Excited,0,0
1,18511,768,-6,5,Calmed,Excited,0,0
1,18514,768,-6,5,Calmed,Excited,0,0
1,18523,768,-6,5,Calmed,Excited,0,0
1,18525,768,-6,5,Calmed,Excited,0,0
1,18528,768,-6,5,Calmed,Excited,0,0
1,18531,768,-6,5,Calmed,Excited,0,0
1,18539,768,-6,5,Calmed,Excited,0,0
1,18542,768,-6,5,Calmed,Excited,0,0
1,18544,767,-6,5,Calmed,Excited,0,0
1,18546,767,-6,5,Calmed,Excited,0,0
1,18556,767,-6,5,Calmed,Excited,0,0
1,18559,767,-6,5,Calmed,Excited,0,0
1,18561,767,-6,5,Calmed,Excited,0,0
1,18564,767,-6,5,Calmed,Excited,0,0
1,18573,767,-6,5,Calmed,Excited,0,0
1,18575,767,-6,5,Calmed,Excited,0,0
1,18578,767,-6,5,Calmed,Excited,0,0
1,18580,767,-6,5,Calmed,Excited,0,0
1,18589,767,-6,5,Calmed,Excited,0,0
1,18592,767,-6,5,Calmed,Excited,0,0
1,18594,767,-6,5,Calmed,Excited,0,0
1,18596,767,-6,5,Calmed,Excited,0,0
1,18606,767,-6,5,Calmed,Excited,0,0
1,18609,767,-6,5,Calmed,Excited,0,0
1,18611,767,-6,5,Calmed,Excited,0,0
1,18613,767,-6,5,Calmed,Excited,0,0
1,18623,767,-6,5,Calmed,Excited,0,0
1,18625,767,-6,5,Calmed,Excited,0,0
1,18628,767,-6,5,Calmed,Excited,0,0
1,18630,767,-6,5,Calmed,Excited,0,0
1,18639,767,-6,5,Calmed,Excited,0,0
1,18642,767,-6,5,Calmed,Excited,0,0
1,18644,767,-6,5,Calmed,Excited,0,0
1,18647,767,-6,5,Calmed,Excited,0,0
1,18656,767,-6,5,Calmed,Excited,0,0
1,18658,767,-6,5,Calmed,Excited,0,0
1,18661,767,-6,5,Calmed,Excited,0,0
1,18663,767,-6,5,Calmed,Excited,0,0
1,18673,767,-6,5,Calmed,Excited,0,0
1,18675,767,-6,5,Calmed,Excited,0,0
1,18678,767,-6,5,Calmed,Excited,0,0
1,18680,767,-6,5,Calmed,Excited,0,0
1,18689,767,-6,5,Calmed,Excited,0,0
1,18692,767,-6,5,Calmed,Excited,0,0
1,18694,767,-6,5,Calmed,Excited,0,0
1,18696,768,-5,5,Calmed,Excited,0,0
1,18706,768,-5,5,Calmed,Excited,0,0
1,18708,768,-5,5,Calmed,Excited,0,0
1,18711,768,-5,5,Calmed,Excited,0,0
1,18713,768,-5,5,Calmed,Excited,0,0
1,18723,768,-5,5,Calmed,Excited,0,0
1,18725,768,-5,5,Calmed,Excited,0,0
1,18728,768,-5,5,Calmed,Excited,0,0
1,18730,768,-5,5,Calmed,Excited,0,0
1,18739,768,-5,5,Calmed,Excited,0,0
1,18742,768,-5,5,Calmed,Excited,0,0
1,18744,768,-5,5,Calmed,Excited,0,0
1,18747,768,-5,5,Calmed,Excited,0,0
1,18756,767,-6,5,Calmed,Excited,0,0
1,18758,767,-6,5,Calmed,Excited,0,0
1,18761,767,-6,5,Calmed,Excited,0,0
1,18763,767,-6,5,Calmed,Excited,0,0
1,18773,767,-6,5,Calmed,Excited,0,0
1,18775,767,-6,5,Calmed,Excited,0,0
1,18777,767,-6,5,Calmed,Excited,0,0
1,18780,767,-6,5,Calmed,Excited,0,0
1,18789,767,-6,5,Calmed,Excited,0,0
1,18792,767,-6,5,Calmed,Excited,0,0
1,18794,767,-6,5,Calmed,Excited,0,0
1,18796,767,-6,5,Calmed,Excited,0,0
1,18806,767,-5,5,Calmed,Excited,0,0
1,18808,767,-5,5,Calmed,Excited,0,0
1,18811,767,-5,5,Calmed,Excited,0,0
1,18813,767,-5,5,Calmed,Excited,0,0
1,18823,767,-5,5,Calmed,Excited,0,0
1,18825,767,-5,5,Calmed,Excited,0,0
1,18828,767,-5,5,Calmed,Excited,0,0
1,18830,767,-5,5,Calmed,Excited,0,0
1,18839,767,-5,5,Calmed,Excited,0,0
1,18842,767,-5,5,Calmed,Excited,0,0
1,18844,767,-5,5,Calmed,Excited,0,0
1,18847,767,-5,5,Calmed,Excited,0,0
1,18856,767,-5,5,Calmed,Excited,0,0
1,18859,767,-5,5,Calmed,Excited,0,0
1,18861,767,-5,5,Calmed,Excited,0,0
1,18863,767,-5,5,Calmed,Excited,0,0
1,18873,767,-5,5,Calmed,Excited,0,0
1,18875,767,-5,5,Calmed,Excited,0,0
1,18878,767,-5,5,Calmed,Excited,0,0
1,18880,767,-5,5,Calmed,Excited,0,0
1,18889,767,-5,5,Calmed,Excited,0,0
1,18892,767,-5,5,Calmed,Excited,0,0
1,18894,767,-5,5,Calmed,Excited,0,0
1,18896,767,-5,5,Calmed,Excited,0,0
1,18906,767,-5,5,Calmed,Excited,0,0
1,18908,767,-5,5,Calmed,Excited,0,0
1,18911,767,-5,5,Calmed,Excited,0,0
1,18913,767,-5,5,Calmed,Excited,0,0
1,18923,767,-5,5,Calmed,Excited,0,0
1,18925,767,-5,5,Calmed,Excited,0,0
1,18928,767,-5,5,Calmed,Excited,0,0
1,18930,767,-5,5,Calmed,Excited,0,0
1,18939,767,-5,5,Calmed,Excited,0,0
1,18942,767,-5,5,Calmed,Excited,0,0
1,18944,767,-5,5,Calmed,Excited,0,0
1,18947,767,-5,5,Calmed,Excited,0,0
1,18956,767,-5,5,Calmed,Excited,0,0
1,18958,767,-5,5,Calmed,Excited,0,0
1,18961,767,-5,5,Calmed,Excited,0,0
1,18963,767,-5,5,Calmed,Excited,0,0
1,18973,767,-5,5,Calmed,Excited,0,0
1,18975,767,-5,5,Calmed,Excited,0,0
1,18977,767,-5,5,Calmed,Excited,0,0
1,18980,767,-5,5,Calmed,Excited,0,0
1,18989,767,-5,5,Calmed,Excited,0,0
1,18992,767,-5,5,Calmed,Excited,0,0
1,18994,767,-5,5,Calmed,Excited,0,0
1,18997,767,-5,5,Calmed,Excited,0,0
1,19006,767,-5,5,Calmed,Excited,0,0
1,19008,767,-5,5,Calmed,Calmed,100,1
1,19011,767,-5,5,Calmed,Calmed,100,2
1,19014,767,-5,5,Calmed,Calmed,100,3
1,19023,767,-5,5,Calmed,Calmed,100,4
1,19025,767,-5,5,Calmed,Calmed,100,5
1,19027,767,-5,5,Calmed,Calmed,100,6
1,19030,767,-5,5,Calmed,Calmed,100,7
1,19039,767,-5,5,Calmed,Calmed,100,8
1,19042,767,-5,5,Calmed,Calmed,100,9
1,19044,767,-5,5,Calmed,Calmed,100,10
1,19047,767,-5,5,Calmed,Calmed,100,11
1,19056,767,-5,5,Calmed,Calmed,100,12
1,19058,767,-5,5,Calmed,Calmed,100,13
1,19061,767,-5,5,Calmed,Calmed,100,14
1,19064,767,-5,5,Calmed,Calmed,100,15
1,19073,767,-5,5,Calmed,Calmed,100,16
1,19075,767,-5,5,Calmed,Calmed,100,17
1,19077,767,-5,5,Calmed,Calmed,100,18
1,19080,767,-5,5,Calmed,Calmed,100,19
1,19089,767,-5,5,Calmed,Calmed,100,20
1,19092,767,-5,5,Calmed,Calmed,100,21
1,19095,767,-5,5,Calmed,Calmed,100,22
1,19097,767,-5,5,Calmed,Calmed,100,23
1,19106,767,-5,5,Calmed,Calmed,100,24
1,19109,767,-4,5,Calmed,Calmed,100,25
1,19111,767,-4,5,Calmed,Calmed,100,26
1,19113,767,-4,5,Calmed,Calmed,100,27
1,19123,767,-4,5,Calmed,Calmed,100,28
1,19125,767,-4,5,Calmed,Calmed,100,29
1,19128,767,-4,5,Calmed,Calmed,100,30
1,19130,767,-4,5,Calmed,Calmed,100,31
1,19139,767,-4,5,Calmed,Calmed,100,32
1,19142,767,-4,5,Calmed,Calmed,100,33
1,19144,767,-4,5,Calmed,Calmed,100,34
1,19147,767,-4,5,Calmed,Calmed,100,35
1,19156,767,-4,5,Calmed,Calmed,100,36
1,19159,767,-4,5,Calmed,Calmed,100,37
1,19161,767,-4,5,Calmed,Calmed,100,38
1,19163,767,-4,5,Calmed,Calmed,100,39
1,19173,767,-4,5,Calmed,Calmed,100,40
1,19176,767,-4,5,Calmed,Calmed,100,41
1,19178,767,-4,5,Calmed,Calmed,100,42
1,19190,767,-4,5,Calmed,Calmed,100,43
1,19193,767,-4,5,Calmed,Calmed,100,44
1,19196,767,-4,5,Calmed,Calmed,100,45
1,19206,767,-4,5,Calmed,Calmed,100,46
1,19209,767,-4,5,Calmed,Calmed,100,47
1,19212,767,-4,5,Calmed,Calmed,100,48
1,19214,767,-4,5,Calmed,Calmed,100,49
1,19223,767,-4,5,Calmed,Calmed,100,50
1,19225,767,-4,5,Calmed,Calmed,100,51
1,19227,767,-4,5,Calmed,Calmed,100,52
1,19230,767,-4,5,Calmed,Calmed,100,53
1,19239,767,-4,5,Calmed,Calmed,100,54
1,19242,767,-4,5,Calmed,Calmed,100,55
1,19244,767,-4,5,Calmed,Calmed,100,56
1,19247,767,-4,5,Calmed,Calmed,100,57
1,19256,767,-4,5,Calmed,Calmed,100,58
1,19259,767,-4,5,Calmed,Calmed,100,59
1,19262,767,-4,5,Calmed,Calmed,100,60
1,19264,767,-4,5,Calmed,Calmed,100,61
1,19273,767,-4,5,Calmed,Calmed,100,62
1,19275,767,-4,5,Calmed,Calmed,100,63
1,19278,767,-4,5,Calmed,Calmed,100,64
1,19280,767,-4,5,Calmed,Calmed,100,65
1,19289,767,-4,5,Calmed,Calmed,100,66
1,19292,767,-4,5,Calmed,Calmed,100,67
1,19294,767,-4,5,Calmed,Calmed,100,68
1,19297,767,-4,5,Calmed,Calmed,100,69
1,19306,767,-4,5,Calmed,Calmed,100,70
1,19309,767,-4,5,Calmed,Calmed,100,71
1,19311,767,-4,5,Calmed,Calmed,100,72
1,19314,767,-4,5,Calmed,Calmed,100,73
1,19323,767,-4,5,Calmed,Calmed,100,74
1,19325,767,-4,5,Calmed,Calmed,100,75
1,19328,767,-4,5,Calmed,Calmed,100,76
1,19330,767,-4,5,Calmed,Calmed,100,77
1,19339,767,-4,5,Calmed,Calmed,100,78
1,19342,767,-4,5,Calmed,Calmed,100,79
1,19344,767,-4,5,Calmed,Calmed,100,80
1,19347,767,-4,5,Calmed,Calmed,100,81
1,19356,767,-4,5,Calmed,Calmed,100,82
1,19358,767,-4,5,Calmed,Calmed,100,83
1,19361,767,-4,5,Calmed,Calmed,100,84
1,19363,767,-3,5,Calmed,Calmed,100,85
1,19373,767,-3,5,Calmed,Calmed,100,86
1,19375,767,-3,5,Calmed,Calmed,100,87
1,19378,767,-3,5,Calmed,Calmed,100,88
1,19380,767,-3,5,Calmed,Calmed,100,89
1,19389,767,-3,5,Calmed,Calmed,100,90
1,19392,767,-3,5,Calmed,Calmed,100,91
1,19394,767,-3,5,Calmed,Calmed,100,92
1,19397,767,-3,5,Calmed,Calmed,100,93
1,19406,767,-3,5,Calmed,Calmed,100,94
1,19408,767,-3,5,Calmed,Calmed,100,95
1,19411,767,-3,5,Calmed,Calmed,100,96
1,19413,767,-3,5,Calmed,Calmed,100,97
1,19423,767,-4,5,Calmed,Calmed,100,98
1,19425,767,-4,5,Calmed,Calmed,100,99
1,19428,767,-4,5,Calmed,Calmed,100,100
1,19430,767,-4,5,Calmed,Calmed,100,101
1,19439,767,-4,5,Calmed,Calmed,100,102
1,19442,767,-4,5,Calmed,Calmed,100,103
1,19444,767,-4,5,Calmed,Calmed,100,104
1,19447,767,-4,5,Calmed,Calmed,100,105
1,19456,767,-4,5,Calmed,Calmed,100,106
1,19459,767,-4,5,Calmed,Calmed,100,107
1,19461,767,-4,5,Calmed,Calmed,100,108
1,19464,767,-4,5,Calmed,Calmed,100,109
1,19473,767,-3,5,Calmed,Calmed,100,110
1,19475,767,-3,5,Calmed,Calmed,100,111
1,19477,767,-3,5,Calmed,Calmed,100,112
1,19480,767,-3,5,Calmed,Calmed,100,113
1,19490,767,-3,5,Calmed,Calmed,100,114
1,19492,767,-3,5,Calmed,Calmed,100,115
1,19495,767,-3,5,Calmed,Calmed,100,116
1,19497,767,-3,5,Calmed,Calmed,100,117
1,19506,767,-3,5,Calmed,Calmed,100,118
1,19509,767,-3,5,Calmed,Calmed,100,119
1,19511,767,-3,5,Calmed,Calmed,100,120
1,19514,767,-3,5,Calmed,Calmed,100,121
1,19523,767,-3,5,Calmed,Calmed,100,122
1,19525,767,-3,5,Calmed,Calmed,100,123
1,19528,767,-3,5,Calmed,Calmed,100,124
1,19530,767,-3,5,Calmed,Calmed,100,125
1,19539,767,-3,5,Calmed,Calmed,100,126
1,19542,767,-3,5,Calmed,Calmed,100,127
1,19544,767,-3,5,Calmed,Calmed,100,128
1,19547,767,-3,5,Calmed,Calmed,100,129
1,19556,767,-3,5,Calmed,Calmed,100,130
1,19559,767,-3,5,Calmed,Calmed,100,131
1,19561,767,-3,5,Calmed,Calmed,100,132
1,19564,767,-3,5,Calmed,Calmed,100,133
1,19573,767,-3,5,Calmed,Calmed,100,134
1,19575,767,-3,5,Calmed,Calmed,100,135
1,19578,767,-3,5,Calmed,Calmed,100,136
1,19580,767,-3,5,Calmed,Calmed,100,137
1,19589,767,-3,5,Calmed,Calmed,100,138
1,19592,767,-3,5,Calmed,Calmed,100,139
1,19594,767,-3,5,Calmed,Calmed,100,140
1,19597,767,-3,5,Calmed,Calmed,100,141
1,19606,767,-3,5,Calmed,Calmed,100,142
1,19609,767,-3,5,Calmed,Calmed,100,143
1,19611,767,-3,5,Calmed,Calmed,100,144
1,19614,767,-3,5,Calmed,Calmed,100,145
1,19622,767,-3,5,Calmed,Calmed,100,146
1,19625,767,-3,5,Calmed,Calmed,100,147
1,19628,767,-3,5,Calmed,Calmed,100,148
1,19630,767,-3,5,Calmed,Calmed,100,149
1,19639,767,-3,5,Calmed,Calmed,100,150
1,19642,767,-3,5,Calmed,Calmed,100,151
1,19644,767,-3,5,Calmed,Calmed,100,152
1,19647,767,-3,5,Calmed,Calmed,100,153
1,19656,767,-3,5,Calmed,Calmed,100,154
1,19659,767,-3,5,Calmed,Calmed,100,155
1,19661,767,-3,5,Calmed,Calmed,100,156
1,19664,767,-3,5,Calmed,Calmed,100,157
1,19673,767,-3,5,Calmed,Calmed,100,158
1,19675,767,-3,5,Calmed,Calmed,100,159
1,19678,767,-3,5,Calmed,Calmed,100,160
1,19680,767,-3,5,Calmed,Calmed,100,161
1,19689,767,-3,5,Calmed,Calmed,100,162
1,19692,767,-3,5,Calmed,Calmed,100,163
1,19694,767,-3,5,Calmed,Calmed,100,164
1,19697,767,-3,5,Calmed,Calmed,100,165
1,19706,767,-3,5,Calmed,Calmed,100,166
1,19708,767,-3,5,Calmed,Calmed,100,167
1,19711,767,-3,5,Calmed,Calmed,100,168
1,19714,767,-3,5,Calmed,Calmed,100,169
1,19723,767,-3,5,Calmed,Calmed,100,170
1,19725,767,-2,5,Calmed,Calmed,100,171
1,19727,767,-2,5,Calmed,Calmed,100,172
1,19730,767,-2,5,Calmed,Calmed,100,173
1,19739,767,-2,5,Calmed,Calmed,100,174
1,19742,767,-2,5,Calmed,Calmed,100,175
1,19744,767,-2,5,Calmed,Calmed,100,176
1,19747,767,-2,5,Calmed,Calmed,100,177
1,19756,767,-2,5,Calmed,Calmed,100,178
1,19759,767,-2,5,Calmed,Calmed,100,179
1,19761,767,-2,5,Calmed,Calmed,100,180
1,19764,767,-2,5,Calmed,Calmed,100,181
1,19773,767,-2,5,Calmed,Calmed,100,182
1,19775,767,-2,5,Calmed,Calmed,100,183
1,19778,767,-2,5,Calmed,Calmed,100,184
1,19780,767,-2,5,Calmed,Calmed,100,185
1,19789,767,-2,5,Calmed,Calmed,100,186
1,19792,767,-2,5,Calmed,Calmed,100,187
1,19794,767,-2,5,Calmed,Calmed,100,188
1,19796,767,-2,5,Calmed,Calmed,100,189
1,19806,767,-2,5,Calmed,Calmed,100,190
1,19808,767,-2,5,Calmed,Calmed,100,191
1,19811,767,-2,5,Calmed,Calmed,100,192
1,19813,767,-2,5,Calmed,Calmed,100,193
1,19823,767,-2,5,Calmed,Calmed,100,194
1,19825,767,-2,5,Calmed,Calmed,100,195
1,19828,767,-2,5,Calmed,Calmed,100,196
1,19830,767,-2,5,Calmed,Calmed,100,197
1,19839,767,-2,5,Calmed,Calmed,100,198
1,19842,767,-2,5,Calmed,Calmed,100,199
1,19844,767,-2,5,Calmed,Calmed,100,200
1,19847,767,-2,5,Calmed,Calmed,100,201
1,19856,767,-2,5,Calmed,Calmed,100,202
1,19859,767,-2,5,Calmed,Calmed,100,203
1,19861,767,-2,5,Calmed,Calmed,100,204
1,19864,767,-2,5,Calmed,Calmed,100,205
1,19872,767,-2,5,Calmed,Calmed,100,206
1,19875,767,-2,5,Calmed,Calmed,100,207
1,19878,767,-2,5,Calmed,Calmed,100,208
1,19880,767,-2,5,Calmed,Calmed,100,209
1,19889,767,-2,5,Calmed,Calmed,100,210
1,19892,767,-2,5,Calmed,Calmed,100,211
1,19894,767,-2,5,Calmed,Calmed,100,212
1,19897,767,-2,5,Calmed,Calmed,100,213
1,19906,767,-2,5,Calmed,Calmed,100,214
1,19909,767,-2,5,Calmed,Calmed,100,215
1,19911,767,-2,5,Calmed,Calmed,100,216
1,19913,767,-2,5,Calmed,Calmed,100,217
1,19923,767,-2,5,Calmed,Calmed,100,218
1,19925,767,-2,5,Calmed,Calmed,100,219
1,19928,767,-2,5,Calmed,Calmed,100,220
1,19930,767,-2,5,Calmed,Calmed,100,221
1,19939,767,-2,5,Calmed,Calmed,100,222
1,19942,767,-2,5,Calmed,Calmed,100,223
1,19944,767,-2,5,Calmed,Calmed,100,224
1,19947,767,-2,5,Calmed,Calmed,100,225
1,19956,767,-2,5,Calmed,Calmed,100,226
1,19959,767,-2,5,Calmed,Calmed,100,227
1,19961,767,-2,5,Calmed,Calmed,100,228
1,19963,767,-2,5,Calmed,Calmed,100,229
1,19973,767,-2,5,Calmed,Calmed,100,230
1,19975,767,-2,5,Calmed,Calmed,100,231
1,19978,767,-2,5,Calmed,Calmed,100,232
1,19980,767,-2,5,Calmed,Calmed,100,233
1,19989,767,-2,5,Calmed,Calmed,100,234
1,19992,767,-2,5,Calmed,Calmed,100,235
1,19994,767,-2,5,Calmed,Calmed,100,236
1,19997,767,-2,5,Calmed,Calmed,100,237
1,20006,767,-2,5,Calmed,Calmed,100,238
1,20009,767,-2,5,Calmed,Calmed,100,239
1,20011,767,-2,5,Calmed,Calmed,100,240
1,20014,767,-2,5,Calmed,Calmed,100,241
1,20022,767,-2,5,Calmed,Calmed,100,242
1,20025,767,-2,5,Calmed,Calmed,100,243
1,20028,767,-2,5,Calmed,Calmed,100,244
1,20030,767,-2,5,Calmed,Calmed,100,245
1,20039,767,-2,5,Calmed,Calmed,100,246
1,20042,767,-2,5,Calmed,Calmed,100,247
1,20044,767,-2,5,Calmed,Calmed,100,248
1,20047,767,-2,5,Calmed,Calmed,100,249
1,20056,767,-2,5,Calmed,Calmed,100,250
1,20059,767,-2,5,Calmed,Calmed,100,251
1,20061,767,-2,5,Calmed,Calmed,100,252
1,20064,767,-2,5,Calmed,Calmed,100,253
1,20073,767,-2,5,Calmed,Calmed,100,254
1,20075,767,-2,5,Calmed,Calmed,100,255
1,20078,767,-2,5,Calmed,Calmed,100,256
1,20080,767,-2,5,Calmed,Calmed,100,257
1,20089,767,-2,5,Calmed,Calmed,100,258
1,20092,767,-2,5,Calmed,Calmed,100,259
1,20094,767,-2,5,Calmed,Calmed,100,260
1,20097,767,-2,5,Calmed,Calmed,100,261
1,20106,767,-2,5,Calmed,Calmed,100,262
1,20108,767,-2,5,Calmed,Calmed,100,263
1,20111,767,-2,5,Calmed,Calmed,100,264
1,20113,767,-2,5,Calmed,Calmed,100,265
1,20123,767,-2,5,Calmed,Calmed,100,266
1,20125,767,-2,5,Calmed,Calmed,100,267
1,20128,767,-2,5,Calmed,Calmed,100,268
1,20130,767,-2,5,Calmed,Calmed,100,269
1,20139,767,-2,5,Calmed,Calmed,100,270
1,20142,767,-2,5,Calmed,Calmed,100,271
1,20144,767,-2,5,Calmed,Calmed,100,272
1,20147,767,-2,5,Calmed,Calmed,100,273
1,20156,767,-2,5,Calmed,Calmed,100,274
1,20159,767,-2,5,Calmed,Calmed,100,275
1,20161,767,-2,5,Calmed,Calmed,100,276
1,20163,767,-2,5,Calmed,Calmed,100,277
1,20173,767,-2,5,Calmed,Calmed,100,278
1,20175,767,-2,5,Calmed,Calmed,100,279
1,20178,767,-2,5,Calmed,Calmed,100,280
1,20180,767,-2,5,Calmed,Calmed,100,281
1,20189,767,-2,5,Calmed,Calmed,100,282
1,20192,767,-2,5,Calmed,Calmed,100,283
1,20194,767,-2,5,Calmed,Calmed,100,284
1,20197,767,-2,5,Calmed,Calmed,100,285
1,20206,767,-2,5,Calmed,Calmed,100,286
1,20208,767,-2,5,Calmed,Calmed,100,287
1,20211,767,-2,5,Calmed,Calmed,100,288
1,20213,767,-2,5,Calmed,Calmed,100,289
1,20223,767,-2,5,Calmed,Calmed,100,290
1,20225,767,-2,5,Calmed,Calmed,100,291
1,20228,767,-2,5,Calmed,Calmed,100,292
1,20230,767,-2,5,Calmed,Calmed,100,293
1,20239,767,-2,5,Calmed,Calmed,100,294
1,20242,767,-2,5,Calmed,Calmed,100,295
1,20244,767,-2,5,Calmed,Calmed,100,296
1,20247,767,-2,5,Calmed,Calmed,100,297
1,20256,767,-2,5,Calmed,Calmed,100,298
1,20258,767,-2,5,Calmed,Calmed,100,299
1,20261,767,-2,5,Calmed,Calmed,100,300
1,20263,767,-2,5,Calmed,Calmed,100,301
1,20273,767,-2,5,Calmed,Calmed,100,302
1,20275,767,-2,5,Calmed,Calmed,100,303
1,20277,767,-2,5,Calmed,Calmed,100,304
1,20280,767,-2,5,Calmed,Calmed,100,305
1,20289,767,-2,5,Calmed,Calmed,100,306
1,20292,767,-2,5,Calmed,Calmed,100,307
1,20294,767,-2,5,Calmed,Calmed,100,308
1,20296,767,-2,5,Calmed,Calmed,100,309
1,20306,767,-2,5,Calmed,Calmed,100,310
1,20308,767,-2,5,Calmed,Calmed,100,311
1,20311,767,-2,5,Calmed,Calmed,100,312
1,20313,767,-2,5,Calmed,Calmed,100,313
1,20323,767,-2,5,Calmed,Calmed,100,314
1,20325,767,-2,5,Calmed,Calmed,100,315
1,20328,767,-2,5,Calmed,Calmed,100,316
1,20330,767,-2,5,Calmed,Calmed,100,317
1,20339,767,-2,5,Calmed,Calmed,100,318
1,20342,767,-1,5,Calmed,Calmed,100,319
1,20344,767,-1,5,Calmed,Calmed,100,320
1,20346,767,-1,5,Calmed,Calmed,100,321
1,20356,767,-1,5,Calmed,Calmed,100,322
1,20358,767,-1,5,Calmed,Calmed,100,323
1,20361,767,-1,5,Calmed,Calmed,100,324
1,20363,767,-1,5,Calmed,Calmed,100,325
1,20373,767,-1,5,Calmed,Calmed,100,326
1,20375,767,-1,5,Calmed,Calmed,100,327
1,20378,767,-1,5,Calmed,Calmed,100,328
1,20380,767,-1,5,Calmed,Calmed,100,329
1,20390,767,-1,5,Calmed,Calmed,100,330
1,20392,767,-1,5,Calmed,Calmed,100,331
1,20394,767,-1,5,Calmed,Calmed,100,332
1,20397,767,-1,5,Calmed,Calmed,100,333
1,20406,767,-1,5,Calmed,Calmed,100,334
1,20409,767,-1,5,Calmed,Calmed,100,335
1,20411,767,-1,5,Calmed,Calmed,100,336
1,20413,767,-1,5,Calmed,Calmed,100,337
1,20423,767,-1,5,Calmed,Calmed,100,338
1,20425,767,-1,5,Calmed,Calmed,100,339
1,20428,767,-1,5,Calmed,Calmed,100,340
1,20430,767,-1,5,Calmed,Calmed,100,341
1,20439,767,-1,5,Calmed,Calmed,100,342
1,20442,767,-1,5,Calmed,Calmed,100,343
1,20444,767,-1,5,Calmed,Calmed,100,344
1,20446,767,-1,5,Calmed,Calmed,100,345
1,20456,767,-1,5,Calmed,Calmed,100,346
1,20459,767,-1,5,Calmed,Calmed,100,347
1,20461,767,-1,5,Calmed,Calmed,100,348
1,20463,767,-1,5,Calmed,Calmed,100,349
1,20473,767,-1,5,Calmed,Calmed,100,350
1,20475,767,-1,5,Calmed,Calmed,100,351
1,20477,767,-1,5,Calmed,Calmed,100,352
1,20480,767,-1,5,Calmed,Calmed,100,353
1,20489,767,-1,5,Calmed,Calmed,100,354
1,20492,767,-1,5,Calmed,Calmed,100,355
1,20494,767,-1,5,Calmed,Calmed,100,356
1,20496,767,-1,5,Calmed,Calmed,100,357
1,20506,767,-1,5,Calmed,Calmed,100,358
1,20508,767,-1,5,Calmed,Calmed,100,359
1,20511,767,-1,5,Calmed,Calmed,100,360
1,20513,767,-1,5,Calmed,Calmed,100,361
1,20523,767,-1,5,Calmed,Calmed,100,362
1,20525,767,-1,5,Calmed,Calmed,100,363
1,20528,767,-1,5,Calmed,Calmed,100,364
1,20530,767,-1,5,Calmed,Calmed,100,365
1,20539,767,-1,5,Calmed,Calmed,100,366
1,20542,767,-1,5,Calmed,Calmed,100,367
1,20544,767,-1,5,Calmed,Calmed,100,368
1,20547,767,-1,5,Calmed,Calmed,100,369
1,20556,767,-1,5,Calmed,Calmed,100,370
1,20559,767,-1,5,Calmed,Calmed,100,371
1,20561,767,-1,5,Calmed,Calmed,100,372
1,20564,767,-1,5,Calmed,Calmed,100,373
1,20573,767,-1,5,Calmed,Calmed,100,374
1,20575,767,-1,5,Calmed,Calmed,100,375
1,20577,767,-1,5,Calmed,Calmed,100,376
1,20580,767,-1,5,Calmed,Calmed,100,377
1,20589,767,-1,5,Calmed,Calmed,100,378
1,20592,767,-1,5,Calmed,Calmed,100,379
1,20594,767,-1,5,Calmed,Calmed,100,380
1,20597,767,-1,5,Calmed,Calmed,100,381
1,20606,767,-1,5,Calmed,Calmed,100,382
1,20609,767,-1,5,Calmed,Calmed,100,383
1,20611,767,-1,5,Calmed,Calmed,100,384
1,20613,767,-1,5,Calmed,Calmed,100,385
1,20623,767,-1,5,Calmed,Calmed,100,386
1,20625,767,-1,5,Calmed,Calmed,100,387
1,20628,767,-1,5,Calmed,Calmed,100,388
1,20630,767,-1,5,Calmed,Calmed,100,389
1,20639,767,-1,5,Calmed,Calmed,100,390
1,20642,767,-1,5,Calmed,Calmed,100,391
1,20644,767,-1,5,Calmed,Calmed,100,392
1,20647,767,-1,5,Calmed,Calmed,100,393
1,20656,767,-1,5,Calmed,Calmed,100,394
1,20658,767,-1,5,Calmed,Calmed,100,395
1,20661,767,-1,5,Calmed,Calmed,100,396
1,20663,767,-1,5,Calmed,Calmed,100,397
1,20673,767,-1,5,Calmed,Calmed,100,398
1,20675,767,-1,5,Calmed,Calmed,100,399
1,20678,767,-1,5,Calmed,Calmed,100,400
1,20680,767,-1,5,Calmed,Calmed,100,401
1,20689,767,-1,5,Calmed,Calmed,100,402
1,20692,767,-1,5,Calmed,Calmed,100,403
1,20694,767,-1,5,Calmed,Calmed,100,404
1,20696,767,-1,5,Calmed,Calmed,100,405
1,20706,767,-1,5,Calmed,Calmed,100,406
1,20709,767,-1,5,Calmed,Calmed,100,407
1,20711,767,-1,5,Calmed,Calmed,100,408
1,20714,767,-1,5,Calmed,Calmed,100,409
1,20723,767,-1,5,Calmed,Calmed,100,410
1,20725,767,-1,5,Calmed,Calmed,100,411
1,20728,767,-1,5,Calmed,Calmed,100,412
1,20730,767,-1,5,Calmed,Calmed,100,413
1,20739,767,-1,5,Calmed,Calmed,100,414
1,20742,767,-1,5,Calmed,Calmed,100,415
1,20744,767,-1,5,Calmed,Calmed,100,416
1,20747,767,-1,5,Calmed,Calmed,100,417
1,20756,767,-1,5,Calmed,Calmed,100,418
1,20759,767,-1,5,Calmed,Calmed,100,419
1,20761,767,-1,5,Calmed,Calmed,100,420
1,20763,767,-1,5,Calmed,Calmed,100,421
1,20773,767,-1,5,Calmed,Calmed,100,422
1,20775,767,-1,5,Calmed,Calmed,100,423
1,20778,767,-1,5,Calmed,Calmed,100,424
1,20780,767,-1,5,Calmed,Calmed,100,425
1,20789,767,-1,5,Calmed,Calmed,100,426
1,20792,767,-1,5,Calmed,Calmed,100,427
1,20794,767,-1,5,Calmed,Calmed,100,428
1,20797,767,-1,5,Calmed,Calmed,100,429
1,20806,767,-1,5,Calmed,Calmed,100,430
1,20809,767,-1,5,Calmed,Calmed,100,431
1,20811,767,-1,5,Calmed,Calmed,100,432
1,20813,767,-1,5,Calmed,Calmed,100,433
1,20823,767,-1,5,Calmed,Calmed,100,434
1,20825,767,-1,5,Calmed,Calmed,100,435
1,20828,767,-1,5,Calmed,Calmed,100,436
1,20830,767,-1,5,Calmed,Calmed,100,437
1,20839,767,-1,5,Calmed,Calmed,100,438
1,20842,767,-1,5,Calmed,Calmed,100,439
1,20844,767,-1,5,Calmed,Calmed,100,440
1,20847,767,-1,5,Calmed,Calmed,100,441
1,20856,767,-1,5,Calmed,Calmed,100,442
1,20859,767,0,5,Calmed,Calmed,100,443
1,20861,767,0,5,Calmed,Calmed,100,444
1,20863,767,0,5,Calmed,Calmed,100,445
1,20873,767,0,5,Calmed,Calmed,100,446
1,20875,767,0,5,Calmed,Calmed,100,447
1,20877,767,0,5,Calmed,Calmed,100,448
1,20880,767,0,5,Calmed,Calmed,100,449
1,20889,767,0,5,Calmed,Calmed,100,450
1,20892,767,0,5,Calmed,Calmed,100,451
1,20894,767,0,5,Calmed,Calmed,100,452
1,20897,767,0,5,Calmed,Calmed,100,453
1,20906,767,0,5,Calmed,Calmed,100,454
1,20909,767,-1,5,Calmed,Calmed,100,455
1,20911,767,-1,5,Calmed,Calmed,100,456
1,20914,767,-1,5,Calmed,Calmed,100,457
1,20923,767,-1,5,Calmed,Calmed,100,458
1,20925,767,-1,5,Calmed,Calmed,100,459
1,20927,767,-1,5,Calmed,Calmed,100,460
1,20930,767,-1,5,Calmed,Calmed,100,461
1,20939,767,-1,5,Calmed,Calmed,100,462
1,20942,767,-1,5,Calmed,Calmed,100,463
1,20944,767,-1,5,Calmed,Calmed,100,464
1,20947,767,-1,5,Calmed,Calmed,100,465
1,20956,767,-1,5,Calmed,Calmed,100,466
1,20958,767,-1,5,Calmed,Calmed,100,467
1,20961,767,-1,5,Calmed,Calmed,100,468
1,20964,767,-1,5,Calmed,Calmed,100,469
1,20973,767,-1,5,Calmed,Calmed,100,470
1,20975,767,-1,5,Calmed,Calmed,100,471
1,20977,767,-1,5,Calmed,Calmed,100,472
1,20980,767,-1,5,Calmed,Calmed,100,473
1,20989,767,-1,5,Calmed,Calmed,100,474
1,20992,767,-1,5,Calmed,Calmed,100,475
1,20994,767,-1,5,Calmed,Calmed,100,476
1,21003,767,-1,5,Calmed,Calmed,100,477
1,21009,767,-1,5,Calmed,Calmed,100,478
1,21015,767,-1,5,Calmed,Calmed,100,479
1,21026,767,-1,5,Calmed,Calmed,100,480
1,21032,767,-1,5,Calmed,Calmed,100,481
1,21043,767,-1,5,Calmed,Calmed,100,482
1,21049,767,-1,5,Calmed,Calmed,100,483
1,21059,767,-1,5,Calmed,Calmed,100,484
1,21075,767,0,5,Calmed,Calmed,100,485
1,21078,767,0,5,Calmed,Calmed,100,486
1,21080,767,0,5,Calmed,Calmed,100,487
1,21089,767,0,5,Calmed,Calmed,100,488
1,21092,767,0,5,Calmed,Calmed,100,489
1,21094,767,0,5,Calmed,Calmed,100,490
1,21096,767,0,5,Calmed,Calmed,100,491
1,21106,767,0,5,Calmed,Calmed,100,492
1,21108,767,0,5,Calmed,Calmed,100,493
1,21111,767,0,5,Calmed,Calmed,100,494
1,21113,767,0,5,Calmed,Calmed,100,495
1,21123,767,0,5,Calmed,Calmed,100,496
1,21125,767,0,5,Calmed,Calmed,100,497
1,21128,767,0,5,Calmed,Calmed,100,498
1,21130,767,0,5,Calmed,Calmed,100,499
1,21139,767,0,5,Calmed,Calmed,100,500
1,21142,767,0,5,Calmed,Calmed,100,501
1,21144,767,0,5,Calmed,Calmed,100,502
1,21147,767,0,5,Calmed,Calmed,100,503
1,21156,767,0,5,Calmed,Calmed,100,504
1,21159,767,0,5,Calmed,Calmed,100,505
1,21161,767,0,5,Calmed,Calmed,100,506
1,21163,767,0,5,Calmed,Calmed,100,507
1,21173,767,0,5,Calmed,Calmed,100,508
1,21175,767,0,5,Calmed,Calmed,100,509
1,21178,767,0,5,Calmed,Calmed,100,510
1,21180,767,0,5,Calmed,Calmed,100,511
1,21189,767,0,5,Calmed,Calmed,100,512
1,21192,767,0,5,Calmed,Calmed,100,513
1,21194,767,0,5,Calmed,Calmed,100,514
1,21197,767,0,5,Calmed,Calmed,100,515
1,21206,767,0,5,Calmed,Calmed,100,516
1,21209,767,0,5,Calmed,Calmed,100,517
1,21211,767,0,5,Calmed,Calmed,100,518
1,21214,767,-1,5,Calmed,Calmed,100,519
1,21223,767,-1,5,Calmed,Calmed,100,520
1,21225,767,-1,5,Calmed,Calmed,100,521
1,21228,767,-1,5,Calmed,Calmed,100,522
1,21230,767,-1,5,Calmed,Calmed,100,523
1,21239,767,-1,5,Calmed,Calmed,100,524
1,21242,767,-1,5,Calmed,Calmed,100,525
1,21244,767,-1,5,Calmed,Calmed,100,526
1,21247,767,-1,5,Calmed,Calmed,100,527
1,21256,767,-1,5,Calmed,Calmed,100,528
1,21259,767,-1,5,Calmed,Calmed,100,529
1,21261,767,-1,5,Calmed,Calmed,100,530
1,21263,767,0,5,Calmed,Calmed,100,531
1,21273,767,0,5,Calmed,Calmed,100,532
1,21275,767,0,5,Calmed,Calmed,100,533
1,21278,767,0,5,Calmed,Calmed,100,534
1,21280,767,0,5,Calmed,Calmed,100,535
1,21289,767,0,5,Calmed,Calmed,100,536
1,21292,767,0,5,Calmed,Calmed,100,537
1,21294,767,0,5,Calmed,Calmed,100,538
1,21296,767,0,5,Calmed,Calmed,100,539
1,21306,767,0,5,Calmed,Calmed,100,540
1,21308,767,0,5,Calmed,Calmed,100,541
1,21311,767,0,5,Calmed,Calmed,100,542
1,21313,767,0,5,Calmed,Calmed,100,543
1,21323,767,0,5,Calmed,Calmed,100,544
1,21325,767,0,5,Calmed,Calmed,100,545
1,21328,767,0,5,Calmed,Calmed,100,546
1,21330,767,0,5,Calmed,Calmed,100,547
1,21339,767,0,5,Calmed,Calmed,100,548
1,21342,767,0,5,Calmed,Calmed,100,549
1,21344,767,0,5,Calmed,Calmed,100,550
1,21347,767,0,5,Calmed,Calmed,100,551
1,21356,767,0,5,Calmed,Calmed,100,552
1,21358,767,0,5,Calmed,Calmed,100,553
1,21361,767,0,5,Calmed,Calmed,100,554
1,21363,767,0,5,Calmed,Calmed,100,555
1,21373,767,0,5,Calmed,Calmed,100,556
1,21375,767,0,5,Calmed,Calmed,100,557
1,21378,767,0,5,Calmed,Calmed,100,558
1,21380,767,0,5,Calmed,Calmed,100,559
1,21389,767,0,5,Calmed,Calmed,100,560
1,21392,767,0,5,Calmed,Calmed,100,561
1,21394,767,0,5,Calmed,Calmed,100,562
1,21397,767,0,5,Calmed,Calmed,100,563
1,21406,767,0,5,Calmed,Calmed,100,564
1,21408,767,0,5,Calmed,Calmed,100,565
1,21411,767,0,5,Calmed,Calmed,100,566
1,21413,767,0,5,Calmed,Calmed,100,567
1,21423,767,0,5,Calmed,Calmed,100,568
1,21426,767,0,5,Calmed,Calmed,100,569
1,21428,767,0,5,Calmed,Calmed,100,570
1,21431,767,0,5,Calmed,Calmed,100,571
1,21439,767,0,5,Calmed,Calmed,100,572
1,21442,767,0,5,Calmed,Calmed,100,573
1,21444,767,0,5,Calmed,Calmed,100,574
1,21447,767,0,5,Calmed,Calmed,100,575
1,21456,767,0,5,Calmed,Calmed,100,576
1,21458,767,0,5,Calmed,Calmed,100,577
1,21461,767,0,5,Calmed,Calmed,100,578
1,21463,767,0,5,Calmed,Calmed,100,579
1,21473,767,0,5,Calmed,Calmed,100,580
1,21475,767,0,5,Calmed,Calmed,100,581
1,21478,767,0,5,Calmed,Calmed,100,582
1,21480,767,0,5,Calmed,Calmed,100,583
1,21489,767,0,5,Calmed,Calmed,100,584
1,21492,767,0,5,Calmed,Calmed,100,585
1,21494,767,0,5,Calmed,Calmed,100,586
1,21496,767,0,5,Calmed,Calmed,100,587
1,21506,767,0,5,Calmed,Calmed,100,588
1,21508,767,0,5,Calmed,Calmed,100,589
1,21511,767,0,5,Calmed,Calmed,100,590
1,21513,767,0,5,Calmed,Calmed,100,591
1,21523,767,0,5,Calmed,Calmed,100,592
1,21525,767,0,5,Calmed,Calmed,100,593
1,21527,767,0,5,Calmed,Calmed,100,594
1,21530,767,0,5,Calmed,Calmed,100,595
1,21539,767,0,5,Calmed,Calmed,100,596
1,21542,767,0,5,Calmed,Calmed,100,597
1,21544,767,0,5,Calmed,Calmed,100,598
1,21546,767,0,5,Calmed,Calmed,100,599
1,21556,767,0,5,Calmed,Calmed,100,600
1,21559,767,0,5,Calmed,Calmed,100,601
1,21561,767,0,5,Calmed,Calmed,100,602
1,21563,767,0,5,Calmed,Calmed,100,603
1,21573,767,0,5,Calmed,Calmed,100,604
1,21575,767,0,5,Calmed,Calmed,100,605
1,21577,767,0,5,Calmed,Calmed,100,606
1,21580,767,0,5,Calmed,Calmed,100,607
1,21589,767,0,5,Calmed,Calmed,100,608
1,21592,767,0,5,Calmed,Calmed,100,609
1,21594,767,0,5,Calmed,Calmed,100,610
1,21597,767,0,5,Calmed,Calmed,100,611
1,21606,767,0,5,Calmed,Calmed,100,612
1,21608,767,0,5,Calmed,Calmed,100,613
1,21611,767,0,5,Calmed,Calmed,100,614
1,21614,767,0,5,Calmed,Calmed,100,615
1,21624,767,0,5,Calmed,Calmed,100,616
1,21627,767,0,5,Calmed,Calmed,100,617
1,21629,767,0,5,Calmed,Calmed,100,618
1,21639,767,0,5,Calmed,Calmed,100,619
1,21642,767,0,5,Calmed,Calmed,100,620
1,21645,767,0,5,Calmed,Calmed,100,621
1,21647,767,0,5,Calmed,Calmed,100,622
1,21657,767,0,5,Calmed,Calmed,100,623
1,21659,767,0,5,Calmed,Calmed,100,624
1,21662,767,0,5,Calmed,Calmed,100,625
1,21673,767,0,5,Calmed,Calmed,100,626
1,21675,767,0,5,Calmed,Calmed,100,627
1,21678,767,0,5,Calmed,Calmed,100,628
1,21680,767,0,5,Calmed,Calmed,100,629
1,21689,767,0,5,Calmed,Calmed,100,630
1,21692,767,0,5,Calmed,Calmed,100,631
1,21694,767,0,5,Calmed,Calmed,100,632
1,21697,767,0,5,Calmed,Calmed,100,633
1,21706,767,0,5,Calmed,Calmed,100,634
1,21708,767,0,5,Calmed,Calmed,100,635
1,21711,767,0,5,Calmed,Calmed,100,636
1,21714,767,0,5,Calmed,Calmed,100,637
1,21723,767,0,5,Calmed,Calmed,100,638
1,21725,767,0,5,Calmed,Calmed,100,639
1,21727,767,0,5,Calmed,Calmed,100,640
1,21730,767,0,5,Calmed,Calmed,100,641
1,21739,767,0,5,Calmed,Calmed,100,642
1,21742,767,0,5,Calmed,Calmed,100,643
1,21744,767,0,5,Calmed,Calmed,100,644
1,21746,767,0,5,Calmed,Calmed,100,645
1,21756,767,0,5,Calmed,Calmed,100,646
1,21758,767,0,5,Calmed,Calmed,100,647
1,21761,767,0,5,Calmed,Calmed,100,648
1,21763,767,0,5,Calmed,Calmed,100,649
1,21773,767,0,5,Calmed,Calmed,100,650
1,21775,767,0,5,Calmed,Calmed,100,651
1,21778,767,0,5,Calmed,Calmed,100,652
1,21780,767,0,5,Calmed,Calmed,100,653
1,21789,767,0,5,Calmed,Calmed,100,654
1,21792,767,0,5,Calmed,Calmed,100,655
1,21794,767,0,5,Calmed,Calmed,100,656
1,21797,767,0,5,Calmed,Calmed,100,657
1,21806,767,0,5,Calmed,Calmed,100,658
1,21809,767,0,5,Calmed,Calmed,100,659
1,21811,767,0,5,Calmed,Calmed,100,660
1,21814,767,0,5,Calmed,Calmed,100,661
1,21823,767,0,5,Calmed,Calmed,100,662
1,21825,767,0,5,Calmed,Calmed,100,663
1,21827,767,0,5,Calmed,Calmed,100,664
1,21830,767,0,5,Calmed,Calmed,100,665
1,21839,767,0,5,Calmed,Calmed,100,666
1,21842,767,0,5,Calmed,Calmed,100,667
1,21844,767,0,5,Calmed,Calmed,100,668
1,21847,767,0,5,Calmed,Calmed,100,669
1,21856,767,0,5,Calmed,Calmed,100,670
1,21858,767,0,5,Calmed,Calmed,100,671
1,21861,767,0,5,Calmed,Calmed,100,672
1,21863,767,0,5,Calmed,Calmed,100,673
1,21873,767,0,5,Calmed,Calmed,100,674
1,21875,767,0,5,Calmed,Calmed,100,675
1,21877,767,0,5,Calmed,Calmed,100,676
1,21880,767,0,5,Calmed,Calmed,100,677
1,21889,767,0,5,Calmed,Calmed,100,678
1,21892,767,0,5,Calmed,Calmed,100,679
1,21894,767,0,5,Calmed,Calmed,100,680
1,21897,767,0,5,Calmed,Calmed,100,681
1,21906,767,0,5,Calmed,Calmed,100,682
1,21909,767,0,5,Calmed,Calmed,100,683
1,21911,767,0,5,Calmed,Calmed,100,684
1,21913,767,0,5,Calmed,Calmed,100,685
1,21923,767,0,5,Calmed,Calmed,100,686
1,21925,767,0,5,Calmed,Calmed,100,687
1,21928,767,0,5,Calmed,Calmed,100,688
1,21930,767,0,5,Calmed,Calmed,100,689
1,21939,767,0,5,Calmed,Calmed,100,690
1,21942,767,0,5,Calmed,Calmed,100,691
1,21944,767,0,5,Calmed,Calmed,100,692
1,21947,767,0,5,Calmed,Calmed,100,693
1,21956,767,0,5,Calmed,Calmed,100,694
1,21958,767,0,5,Calmed,Calmed,100,695
1,21961,767,0,5,Calmed,Calmed,100,696
1,21964,767,0,5,Calmed,Calmed,100,697
1,21973,767,0,5,Calmed,Calmed,100,698
1,21975,767,0,5,Calmed,Calmed,100,699
1,21978,767,0,5,Calmed,Calmed,100,700
1,21980,767,0,5,Calmed,Calmed,100,701
1,21989,767,0,5,Calmed,Calmed,100,702
1,21992,767,0,5,Calmed,Calmed,100,703
1,21995,767,0,5,Calmed,Calmed,100,704
1,21997,767,0,5,Calmed,Calmed,100,705
1,22006,767,0,5,Calmed,Calmed,100,706
1,22009,767,0,5,Calmed,Calmed,100,707
1,22011,767,0,5,Calmed,Calmed,100,708
1,22013,767,0,5,Calmed,Calmed,100,709
1,22023,767,0,5,Calmed,Calmed,100,710
1,22026,767,0,5,Calmed,Calmed,100,711
1,22028,767,0,5,Calmed,Calmed,100,712
1,22040,767,0,5,Calmed,Calmed,100,713
1,22042,767,0,5,Calmed,Calmed,100,714
1,22045,767,0,5,Calmed,Calmed,100,715
1,22047,767,0,5,Calmed,Calmed,100,716
1,22056,767,0,5,Calmed,Calmed,100,717
1,22058,767,0,5,Calmed,Calmed,100,718
1,22061,767,0,5,Calmed,Calmed,100,719
1,22063,767,0,5,Calmed,Calmed,100,720
1,22073,767,0,5,Calmed,Calmed,100,721
1,22075,767,0,5,Calmed,Calmed,100,722
1,22078,767,0,5,Calmed,Calmed,100,723
1,22080,767,0,5,Calmed,Calmed,100,724
1,22089,767,0,5,Calmed,Calmed,100,725
1,22092,767,0,5,Calmed,Calmed,100,726
1,22094,767,0,5,Calmed,Calmed,100,727
1,22097,767,0,5,Calmed,Calmed,100,728
1,22106,767,0,5,Calmed,Calmed,100,729
1,22108,767,0,5,Calmed,Calmed,100,730
1,22111,767,0,5,Calmed,Calmed,100,731
1,22113,767,0,5,Calmed,Calmed,100,732
1,22123,767,0,5,Calmed,Calmed,100,733
1,22125,767,0,5,Calmed,Calmed,100,734
1,22128,767,0,5,Calmed,Calmed,100,735
1,22130,767,0,5,Calmed,Calmed,100,736
1,22139,767,0,5,Calmed,Calmed,100,737
1,22142,767,0,5,Calmed,Calmed,100,738
1,22144,767,0,5,Calmed,Calmed,100,739
1,22147,767,0,5,Calmed,Calmed,100,740
1,22156,767,0,5,Calmed,Calmed,100,741
1,22159,767,0,5,Calmed,Calmed,100,742
1,22161,767,0,5,Calmed,Calmed,100,743
1,22163,767,0,5,Calmed,Calmed,100,744
1,22173,767,0,5,Calmed,Calmed,100,745
1,22175,767,0,5,Calmed,Calmed,100,746
1,22178,767,0,5,Calmed,Calmed,100,747
1,22180,767,0,5,Calmed,Calmed,100,748
1,22189,767,0,5,Calmed,Calmed,100,749
1,22192,767,0,5,Calmed,Calmed,100,750
1,22194,767,0,5,Calmed,Calmed,100,751
1,22196,767,0,5,Calmed,Calmed,100,752
1,22206,767,0,5,Calmed,Calmed,100,753
1,22209,767,0,5,Calmed,Calmed,100,754
1,22211,767,0,5,Calmed,Calmed,100,755
1,22213,767,0,5,Calmed,Calmed,100,756
1,22223,767,0,5,Calmed,Calmed,100,757
1,22225,767,0,5,Calmed,Calmed,100,758
1,22228,767,0,5,Calmed,Calmed,100,759
1,22230,767,0,5,Calmed,Calmed,100,760
1,22239,767,0,5,Calmed,Calmed,100,761
1,22242,767,0,5,Calmed,Calmed,100,762
1,22244,767,0,5,Calmed,Calmed,100,763
1,22246,767,0,5,Calmed,Calmed,100,764
1,22256,767,0,5,Calmed,Calmed,100,765
1,22259,767,0,5,Calmed,Calmed,100,766
1,22261,767,0,5,Calmed,Calmed,100,767
1,22263,767,0,5,Calmed,Calmed,100,768
1,22273,767,0,5,Calmed,Calmed,100,769
1,22275,767,0,5,Calmed,Calmed,100,770
1,22278,767,0,5,Calmed,Calmed,100,771
1,22280,767,0,5,Calmed,Calmed,100,772
1,22289,767,0,5,Calmed,Calmed,100,773
1,22292,767,0,5,Calmed,Calmed,100,774
1,22294,767,0,5,Calmed,Calmed,100,775
1,22296,767,0,5,Calmed,Calmed,100,776
1,22306,767,0,5,Calmed,Calmed,100,777
1,22308,767,0,5,Calmed,Calmed,100,778
1,22311,767,0,5,Calmed,Calmed,100,779
1,22313,767,0,5,Calmed,Calmed,100,780
1,22323,767,0,5,Calmed,Calmed,100,781
1,22325,767,0,5,Calmed,Calmed,100,782
1,22328,767,0,5,Calmed,Calmed,100,783
1,22330,767,0,5,Calmed,Calmed,100,784
1,22339,767,0,5,Calmed,Calmed,100,785
1,22342,767,0,5,Calmed,Calmed,100,786
1,22344,767,0,5,Calmed,Calmed,100,787
1,22346,767,0,5,Calmed,Calmed,100,788
1,22356,767,0,5,Calmed,Calmed,100,789
1,22359,767,0,5,Calmed,Calmed,100,790
1,22361,767,0,5,Calmed,Calmed,100,791
1,22363,767,0,5,Calmed,Calmed,100,792
1,22373,767,0,5,Calmed,Calmed,100,793
1,22375,767,0,5,Calmed,Calmed,100,794
1,22378,767,0,5,Calmed,Calmed,100,795
1,22380,767,0,5,Calmed,Calmed,100,796
1,22389,767,0,5,Calmed,Calmed,100,797
1,22392,767,0,5,Calmed,Calmed,100,798
1,22394,767,0,5,Calmed,Calmed,100,799
1,22396,767,0,5,Calmed,Calmed,100,800
1,22406,767,0,5,Calmed,Calmed,100,801
1,22408,767,0,5,Calmed,Calmed,100,802
1,22411,767,0,5,Calmed,Calmed,100,803
1,22413,767,0,5,Calmed,Calmed,100,804
1,22423,767,0,5,Calmed,Calmed,100,805
1,22425,767,0,5,Calmed,Calmed,100,806
1,22428,767,0,5,Calmed,Calmed,100,807
1,22430,767,0,5,Calmed,Calmed,100,808
1,22439,767,0,5,Calmed,Calmed,100,809
1,22442,767,0,5,Calmed,Calmed,100,810
1,22444,767,0,5,Calmed,Calmed,100,811
1,22447,767,0,5,Calmed,Calmed,100,812
1,22456,767,0,5,Calmed,Calmed,100,813
1,22459,767,0,5,Calmed,Calmed,100,814
1,22461,767,0,5,Calmed,Calmed,100,815
1,22463,767,0,5,Calmed,Calmed,100,816
1,22473,767,0,5,Calmed,Calmed,100,817
1,22475,767,0,5,Calmed,Calmed,100,818
1,22478,767,0,5,Calmed,Calmed,100,819
1,22480,767,0,5,Calmed,Calmed,100,820
1,22489,767,0,5,Calmed,Calmed,100,821
1,22492,767,0,5,Calmed,Calmed,100,822
1,22494,767,0,5,Calmed,Calmed,100,823
1,22497,767,0,5,Calmed,Calmed,100,824
1,22506,767,0,5,Calmed,Calmed,100,825
1,22508,767,0,5,Calmed,Calmed,100,826
1,22511,767,0,5,Calmed,Calmed,100,827
1,22513,767,0,5,Calmed,Calmed,100,828
1,22523,767,0,5,Calmed,Calmed,100,829
1,22525,767,0,5,Calmed,Calmed,100,830
1,22527,767,0,5,Calmed,Calmed,100,831
1,22530,767,0,5,Calmed,Calmed,100,832
1,22539,767,0,5,Calmed,Calmed,100,833
1,22542,767,0,5,Calmed,Calmed,100,834
1,22544,767,0,5,Calmed,Calmed,100,835
1,22547,767,0,5,Calmed,Calmed,100,836
1,22556,767,0,5,Calmed,Calmed,100,837
1,22558,767,0,5,Calmed,Calmed,100,838
1,22561,767,0,5,Calmed,Calmed,100,839
1,22563,767,0,5,Calmed,Calmed,100,840
1,22572,767,0,5,Calmed,Calmed,100,841
1,22575,767,0,5,Calmed,Calmed,100,842
1,22578,767,0,5,Calmed,Calmed,100,843
1,22580,767,0,5,Calmed,Calmed,100,844
1,22589,767,0,5,Calmed,Calmed,100,845
1,22592,767,0,5,Calmed,Calmed,100,846
1,22594,767,0,5,Calmed,Calmed,100,847
1,22597,767,0,5,Calmed,Calmed,100,848
1,22606,767,0,5,Calmed,Calmed,100,849
1,22608,767,0,5,Calmed,Calmed,100,850
1,22611,767,0,5,Calmed,Calmed,100,851
1,22613,767,0,5,Calmed,Calmed,100,852
1,22623,767,0,5,Calmed,Calmed,100,853
1,22625,767,0,5,Calmed,Calmed,100,854
1,22627,767,0,5,Calmed,Calmed,100,855
1,22630,767,0,5,Calmed,Calmed,100,856
1,22639,767,0,5,Calmed,Calmed,100,857
1,22642,767,0,5,Calmed,Calmed,100,858
1,22644,767,0,5,Calmed,Calmed,100,859
1,22647,767,0,5,Calmed,Calmed,100,860
1,22656,767,0,5,Calmed,Calmed,100,861
1,22658,767,0,5,Calmed,Calmed,100,862
1,22661,767,0,5,Calmed,Calmed,100,863
1,22663,767,0,5,Calmed,Calmed,100,864
1,22673,767,0,5,Calmed,Calmed,100,865
1,22675,767,0,5,Calmed,Calmed,100,866
1,22677,767,0,5,Calmed,Calmed,100,867
1,22680,767,0,5,Calmed,Calmed,100,868
1,22689,767,0,5,Calmed,Calmed,100,869
1,22692,767,0,5,Calmed,Calmed,100,870
1,22694,767,0,5,Calmed,Calmed,100,871
1,22697,767,0,5,Calmed,Calmed,100,872
1,22706,767,0,5,Calmed,Calmed,100,873
1,22708,767,0,5,Calmed,Calmed,100,874
1,22711,767,0,5,Calmed,Calmed,100,875
1,22713,767,0,5,Calmed,Calmed,100,876
1,22723,767,0,5,Calmed,Calmed,100,877
1,22725,767,0,5,Calmed,Calmed,100,878
1,22727,767,0,5,Calmed,Calmed,100,879
1,22730,767,0,5,Calmed,Calmed,100,880
1,22739,767,0,5,Calmed,Calmed,100,881
1,22742,767,0,5,Calmed,Calmed,100,882
1,22744,767,0,5,Calmed,Calmed,100,883
1,22747,767,0,5,Calmed,Calmed,100,884
1,22756,767,0,5,Calmed,Calmed,100,885
1,22758,767,0,5,Calmed,Calmed,100,886
1,22761,767,0,5,Calmed,Calmed,100,887
1,22763,767,0,5,Calmed,Calmed,100,888
1,22773,767,0,5,Calmed,Calmed,100,889
1,22775,767,0,5,Calmed,Calmed,100,890
1,22778,767,0,5,Calmed,Calmed,100,891
1,22780,767,0,5,Calmed,Calmed,100,892
1,22789,767,0,5,Calmed,Calmed,100,893
1,22792,767,0,5,Calmed,Calmed,100,894
1,22794,767,0,5,Calmed,Calmed,100,895
1,22797,767,0,5,Calmed,Calmed,100,896
1,22806,767,0,5,Calmed,Calmed,100,897
1,22808,767,0,5,Calmed,Calmed,100,898
1,22811,767,0,5,Calmed,Calmed,100,899
1,22813,767,0,5,Calmed,Calmed,100,900
1,22823,767,0,5,Calmed,Calmed,100,901
1,22825,767,0,5,Calmed,Calmed,100,902
1,22828,767,0,5,Calmed,Calmed,100,903
1,22830,767,0,5,Calmed,Calmed,100,904
1,22839,767,0,5,Calmed,Calmed,100,905
1,22842,767,0,5,Calmed,Calmed,100,906
1,22844,767,0,5,Calmed,Calmed,100,907
1,22847,767,0,5,Calmed,Calmed,100,908
1,22856,767,0,5,Calmed,Calmed,100,909
1,22859,767,0,5,Calmed,Calmed,100,910
1,22861,767,0,5,Calmed,Calmed,100,911
1,22863,767,0,5,Calmed,Calmed,100,912
1,22873,767,0,5,Calmed,Calmed,100,913
1,22875,767,0,5,Calmed,Calmed,100,914
1,22877,767,0,5,Calmed,Calmed,100,915
1,22880,767,0,5,Calmed,Calmed,100,916
1,22889,767,0,5,Calmed,Calmed,100,917
1,22892,767,0,5,Calmed,Calmed,100,918
1,22894,767,0,5,Calmed,Calmed,100,919
1,22897,767,0,5,Calmed,Calmed,100,920
1,22906,767,0,5,Calmed,Calmed,100,921
1,22908,767,0,5,Calmed,Calmed,100,922
1,22911,767,0,5,Calmed,Calmed,100,923
1,22913,767,0,5,Calmed,Calmed,100,924
1,22923,767,0,5,Calmed,Calmed,100,925
1,22925,767,0,5,Calmed,Calmed,100,926
1,22928,767,0,5,Calmed,Calmed,100,927
1,22930,767,0,5,Calmed,Calmed,100,928
1,22939,767,0,5,Calmed,Calmed,100,929
1,22942,767,0,5,Calmed,Calmed,100,930
1,22944,767,0,5,Calmed,Calmed,100,931
1,22947,767,0,5,Calmed,Calmed,100,932
1,22956,767,0,5,Calmed,Calmed,100,933
1,22959,767,0,5,Calmed,Calmed,100,934
1,22961,767,0,5,Calmed,Calmed,100,935
1,22963,767,0,5,Calmed,Calmed,100,936
1,22973,767,0,5,Calmed,Calmed,100,937
1,22975,767,0,5,Calmed,Calmed,100,938
1,22977,767,0,5,Calmed,Calmed,100,939
1,22980,767,0,5,Calmed,Calmed,100,940
1,22989,767,0,5,Calmed,Calmed,100,941
1,22992,767,0,5,Calmed,Calmed,100,942
1,22994,767,0,5,Calmed,Calmed,100,943
1,22997,767,0,5,Calmed,Calmed,100,944
1,23006,767,0,5,Calmed,Calmed,100,945
1,23008,767,0,5,Calmed,Calmed,100,946
1,23011,767,0,5,Calmed,Calmed,100,947
1,23013,767,0,5,Calmed,Calmed,100,948
1,23023,767,0,5,Calmed,Calmed,100,949
1,23025,767,0,5,Calmed,Calmed,100,950
1,23028,767,0,5,Calmed,Calmed,100,951
1,23030,767,0,5,Calmed,Calmed,100,952
1,23039,767,0,5,Calmed,Calmed,100,953
1,23042,767,0,5,Calmed,Calmed,100,954
1,23044,767,0,5,Calmed,Calmed,100,955
1,23047,767,0,5,Calmed,Calmed,100,956
1,23056,767,0,5,Calmed,Calmed,100,957
1,23058,767,0,5,Calmed,Calmed,100,958
1,23061,767,0,5,Calmed,Calmed,100,959
1,23063,767,0,5,Calmed,Calmed,100,960
1,23073,767,0,5,Calmed,Calmed,100,961
1,23076,767,0,5,Calmed,Calmed,100,962
1,23078,767,0,5,Calmed,Calmed,100,963
1,23080,767,0,5,Calmed,Calmed,100,964
1,23089,767,0,5,Calmed,Calmed,100,965
1,23092,767,0,5,Calmed,Calmed,100,966
1,23094,767,0,5,Calmed,Calmed,100,967
1,23097,767,0,5,Calmed,Calmed,100,968
1,23106,767,0,5,Calmed,Calmed,100,969
1,23109,767,0,5,Calmed,Calmed,100,970
1,23111,767,0,5,Calmed,Calmed,100,971
1,23114,767,0,5,Calmed,Calmed,100,972
1,23123,767,0,5,Calmed,Calmed,100,973
1,23125,767,0,5,Calmed,Calmed,100,974
1,23128,767,0,5,Calmed,Calmed,100,975
1,23130,767,0,5,Calmed,Calmed,100,976
1,23139,767,0,5,Calmed,Calmed,100,977
1,23142,767,0,5,Calmed,Calmed,100,978
1,23144,767,0,5,Calmed,Calmed,100,979
1,23147,767,0,5,Calmed,Calmed,100,980
1,23156,767,0,5,Calmed,Calmed,100,981
1,23159,767,0,5,Calmed,Calmed,100,982
1,23161,767,0,5,Calmed,Calmed,100,983
1,23163,767,0,5,Calmed,Calmed,100,984
1,23173,767,0,5,Calmed,Calmed,100,985
1,23175,767,0,5,Calmed,Calmed,100,986
1,23178,767,0,5,Calmed,Calmed,100,987
1,23180,767,0,5,Calmed,Calmed,100,988
1,23189,767,0,5,Calmed,Calmed,100,989
1,23192,767,0,5,Calmed,Calmed,100,990
1,23195,767,0,5,Calmed,Calmed,100,991
1,23197,767,0,5,Calmed,Calmed,100,992
1,23206,767,0,5,Calmed,Calmed,100,993
1,23208,767,0,5,Calmed,Calmed,100,994
1,23211,767,0,5,Calmed,Calmed,100,995
1,23214,767,0,5,Calmed,Calmed,100,996
1,23223,767,0,5,Calmed,Calmed,100,997
1,23226,767,0,5,Calmed,Calmed,100,998
1,23228,767,0,5,Calmed,Calmed,100,999
1,23240,767,0,5,Calmed,Calmed,100,1000
1,23242,767,0,5,Calmed,Calmed,100,1001
1,23245,767,0,5,Calmed,Calmed,100,1002
1,23247,767,0,5,Calmed,Calmed,100,1003
1,23256,767,0,5,Calmed,Calmed,100,1004
1,23259,767,0,5,Calmed,Calmed,100,1005
1,23261,767,0,5,Calmed,Calmed,100,1006
1,23263,767,0,5,Calmed,Calmed,100,1007
1,23273,767,0,5,Calmed,Calmed,100,1008
1,23275,767,0,5,Calmed,Calmed,100,1009
1,23278,767,0,5,Calmed,Calmed,100,1010
1,23280,767,0,5,Calmed,Calmed,100,1011
1,23289,767,0,5,Calmed,Calmed,100,1012
1,23292,767,0,5,Calmed,Calmed,100,1013
1,23294,767,0,5,Calmed,Calmed,100,1014
1,23297,767,0,5,Calmed,Calmed,100,1015
1,23306,767,0,5,Calmed,Calmed,100,1016
1,23308,767,0,5,Calmed,Calmed,100,1017
1,23311,767,0,5,Calmed,Calmed,100,1018
1,23313,767,0,5,Calmed,Calmed,100,1019
1,23323,767,0,5,Calmed,Calmed,100,1020
1,23325,767,0,5,Calmed,Calmed,100,1021
1,23328,767,0,5,Calmed,Calmed,100,1022
1,23330,767,0,5,Calmed,Calmed,100,1023
1,23339,767,0,5,Calmed,Calmed,100,1024
1,23342,767,0,5,Calmed,Calmed,100,1025
1,23344,767,0,5,Calmed,Calmed,100,1026
1,23346,767,0,5,Calmed,Calmed,100,1027
1,23356,767,0,5,Calmed,Calmed,100,1028
1,23358,767,0,5,Calmed,Calmed,100,1029
1,23361,767,0,5,Calmed,Calmed,100,1030
1,23363,767,0,5,Calmed,Calmed,100,1031
1,23373,767,0,5,Calmed,Calmed,100,1032
1,23375,767,0,5,Calmed,Calmed,100,1033
1,23378,767,0,5,Calmed,Calmed,100,1034
1,23380,767,0,5,Calmed,Calmed,100,1035
1,23389,767,0,5,Calmed,Calmed,100,1036
1,23392,767,0,5,Calmed,Calmed,100,1037
1,23394,767,0,5,Calmed,Calmed,100,1038
1,23397,767,0,5,Calmed,Calmed,100,1039
1,23406,767,0,5,Calmed,Calmed,100,1040
1,23409,767,0,5,Calmed,Calmed,100,1041
1,23411,767,0,5,Calmed,Calmed,100,1042
1,23414,767,0,5,Calmed,Calmed,100,1043
1,23423,767,0,5,Calmed,Calmed,100,1044
1,23425,767,0,5,Calmed,Calmed,100,1045
1,23427,767,0,5,Calmed,Calmed,100,1046
1,23430,767,0,5,Calmed,Calmed,100,1047
1,23439,767,0,5,Calmed,Calmed,100,1048
1,23442,767,0,5,Calmed,Calmed,100,1049
1,23444,767,0,5,Calmed,Calmed,100,1050
1,23446,767,0,5,Calmed,Calmed,100,1051
1,23456,767,0,5,Calmed,Calmed,100,1052
1,23458,767,0,5,Calmed,Calmed,100,1053
1,23461,767,0,5,Calmed,Calmed,100,1054
1,23463,767,0,5,Calmed,Calmed,100,1055
1,23472,767,0,5,Calmed,Calmed,100,1056
1,23475,767,0,5,Calmed,Calmed,100,1057
1,23477,767,0,5,Calmed,Calmed,100,1058
1,23480,767,0,5,Calmed,Calmed,100,1059
1,23489,767,0,5,Calmed,Calmed,100,1060
1,23492,767,0,5,Calmed,Calmed,100,1061
1,23494,767,0,5,Calmed,Calmed,100,1062
1,23496,767,0,5,Calmed,Calmed,100,1063
1,23506,767,0,5,Calmed,Calmed,100,1064
1,23509,767,0,5,Calmed,Calmed,100,1065
1,23511,767,0,5,Calmed,Calmed,100,1066
1,23514,767,0,5,Calmed,Calmed,100,1067
1,23523,767,0,5,Calmed,Calmed,100,1068
1,23525,767,0,5,Calmed,Calmed,100,1069
1,23528,767,0,5,Calmed,Calmed,100,1070
1,23530,767,0,5,Calmed,Calmed,100,1071
1,23539,767,0,5,Calmed,Calmed,100,1072
1,23542,767,0,5,Calmed,Calmed,100,1073
1,23544,767,0,5,Calmed,Calmed,100,1074
1,23546,767,0,5,Calmed,Calmed,100,1075
1,23556,767,0,5,Calmed,Calmed,100,1076
1,23559,767,0,5,Calmed,Calmed,100,1077
1,23561,767,0,5,Calmed,Calmed,100,1078
1,23564,767,0,5,Calmed,Calmed,100,1079
1,23573,767,0,5,Calmed,Calmed,100,1080
1,23575,767,0,5,Calmed,Calmed,100,1081
1,23578,767,0,5,Calmed,Calmed,100,1082
1,23580,767,0,5,Calmed,Calmed,100,1083
1,23589,767,0,5,Calmed,Calmed,100,1084
1,23592,767,0,5,Calmed,Calmed,100,1085
1,23594,767,0,5,Calmed,Calmed,100,1086
1,23597,767,0,5,Calmed,Calmed,100,1087
1,23606,767,0,5,Calmed,Calmed,100,1088
1,23608,767,0,5,Calmed,Calmed,100,1089
1,23611,767,0,5,Calmed,Calmed,100,1090
1,23613,767,0,5,Calmed,Calmed,100,1091
1,23622,767,0,5,Calmed,Calmed,100,1092
1,23625,767,0,5,Calmed,Calmed,100,1093
1,23627,767,0,5,Calmed,Calmed,100,1094
1,23630,767,0,5,Calmed,Calmed,100,1095
1,23639,767,0,5,Calmed,Calmed,100,1096
1,23642,767,0,5,Calmed,Calmed,100,1097
1,23644,767,0,5,Calmed,Calmed,100,1098
1,23646,767,0,5,Calmed,Calmed,100,1099
1,23656,767,0,5,Calmed,Calmed,100,1100
1,23658,767,0,5,Calmed,Calmed,100,1101
1,23661,767,0,5,Calmed,Calmed,100,1102
1,23663,767,0,5,Calmed,Calmed,100,1103
1,23673,767,0,5,Calmed,Calmed,100,1104
1,23675,767,0,5,Calmed,Calmed,100,1105
1,23678,767,0,5,Calmed,Calmed,100,1106
1,23680,767,0,5,Calmed,Calmed,100,1107
1,23689,767,0,5,Calmed,Calmed,100,1108
1,23692,767,0,5,Calmed,Calmed,100,1109
1,23694,767,0,5,Calmed,Calmed,100,1110
1,23697,767,0,5,Calmed,Calmed,100,1111
1,23706,767,0,5,Calmed,Calmed,100,1112
1,23708,767,0,5,Calmed,Calmed,100,1113
1,23711,767,0,5,Calmed,Calmed,100,1114
1,23713,767,0,5,Calmed,Calmed,100,1115
1,23723,767,0,5,Calmed,Calmed,100,1116
1,23725,767,0,5,Calmed,Calmed,100,1117
1,23728,767,0,5,Calmed,Calmed,100,1118
1,23730,767,0,5,Calmed,Calmed,100,1119
1,23739,767,0,5,Calmed,Calmed,100,1120
1,23742,767,0,5,Calmed,Calmed,100,1121
1,23744,767,0,5,Calmed,Calmed,100,1122
1,23747,767,0,5,Calmed,Calmed,100,1123
1,23756,767,0,5,Calmed,Calmed,100,1124
1,23758,767,0,5,Calmed,Calmed,100,1125
1,23761,767,0,5,Calmed,Calmed,100,1126
1,23763,767,0,5,Calmed,Calmed,100,1127
1,23773,767,0,5,Calmed,Calmed,100,1128
1,23775,767,0,5,Calmed,Calmed,100,1129
1,23778,767,0,5,Calmed,Calmed,100,1130
1,23780,767,0,5,Calmed,Calmed,100,1131
1,23789,767,0,5,Calmed,Calmed,100,1132
1,23792,767,0,5,Calmed,Calmed,100,1133
1,23794,767,0,5,Calmed,Calmed,100,1134
1,23797,767,0,5,Calmed,Calmed,100,1135
1,23806,767,0,5,Calmed,Calmed,100,1136
1,23808,767,0,5,Calmed,Calmed,100,1137
1,23811,767,0,5,Calmed,Calmed,100,1138
1,23813,767,0,5,Calmed,Calmed,100,1139
1,23822,767,0,5,Calmed,Calmed,100,1140
1,23825,767,0,5,Calmed,Calmed,100,1141
1,23828,767,0,5,Calmed,Calmed,100,1142
1,23830,767,0,5,Calmed,Calmed,100,1143
1,23839,767,0,5,Calmed,Calmed,100,1144
1,23842,767,0,5,Calmed,Calmed,100,1145
1,23844,767,0,5,Calmed,Calmed,100,1146
1,23846,767,0,5,Calmed,Calmed,100,1147
1,23856,767,0,5,Calmed,Calmed,100,1148
1,23859,767,0,5,Calmed,Calmed,100,1149
1,23861,767,0,5,Calmed,Calmed,100,1150
1,23863,767,0,5,Calmed,Calmed,100,1151
1,23873,767,0,5,Calmed,Calmed,100,1152
1,23875,767,0,5,Calmed,Calmed,100,1153
1,23877,767,0,5,Calmed,Calmed,100,1154
1,23880,767,0,5,Calmed,Calmed,100,1155
1,23889,767,0,5,Calmed,Calmed,100,1156
1,23892,767,0,5,Calmed,Calmed,100,1157
1,23894,767,0,5,Calmed,Calmed,100,1158
1,23897,767,0,5,Calmed,Calmed,100,1159
1,23906,767,0,5,Calmed,Calmed,100,1160
1,23908,767,0,5,Calmed,Calmed,100,1161
1,23911,767,0,5,Calmed,Calmed,100,1162
1,23913,767,0,5,Calmed,Calmed,100,1163
1,23922,767,0,5,Calmed,Calmed,100,1164
1,23925,767,0,5,Calmed,Calmed,100,1165
1,23928,767,0,5,Calmed,Calmed,100,1166
1,23930,767,0,5,Calmed,Calmed,100,1167
1,23939,767,0,5,Calmed,Calmed,100,1168
1,23942,767,0,5,Calmed,Calmed,100,1169
1,23944,767,0,5,Calmed,Calmed,100,1170
1,23947,767,0,5,Calmed,Calmed,100,1171
1,23956,767,0,5,Calmed,Calmed,100,1172
1,23958,767,0,5,Calmed,Calmed,100,1173
1,23961,767,0,5,Calmed,Calmed,100,1174
1,23963,767,0,5,Calmed,Calmed,100,1175
1,23973,767,0,5,Calmed,Calmed,100,1176
1,23975,767,0,5,Calmed,Calmed,100,1177
1,23978,767,0,5,Calmed,Calmed,100,1178
1,23980,767,0,5,Calmed,Calmed,100,1179
1,23989,767,0,5,Calmed,Calmed,100,1180
1,23992,767,0,5,Calmed,Calmed,100,1181
1,23994,767,0,5,Calmed,Calmed,100,1182
1,23997,767,0,5,Calmed,Calmed,100,1183
1,24006,767,0,5,Calmed,Calmed,100,1184
1,24008,767,0,5,Calmed,Calmed,100,1185
1,24011,767,0,5,Calmed,Calmed,100,1186
1,24013,767,0,5,Calmed,Calmed,100,1187
1,24023,767,0,5,Calmed,Calmed,100,1188
1,24025,767,0,5,Calmed,Calmed,100,1189
1,24028,767,0,5,Calmed,Calmed,100,1190
1,24030,767,0,5,Calmed,Calmed,100,1191
1,24039,767,0,5,Calmed,Calmed,100,1192
1,24042,767,0,5,Calmed,Calmed,100,1193
1,24044,767,0,5,Calmed,Calmed,100,1194
1,24047,767,0,5,Calmed,Calmed,100,1195
1,24056,767,0,5,Calmed,Calmed,100,1196
1,24058,767,0,5,Calmed,Calmed,100,1197
1,24060,767,0,5,Calmed,Calmed,100,1198
1,24063,767,0,5,Calmed,Calmed,100,1199
1,24073,767,0,5,Calmed,Calmed,100,1200
1,24075,767,0,5,Calmed,Calmed,100,1201
1,24078,767,0,5,Calmed,Calmed,100,1202
1,24080,767,0,5,Calmed,Calmed,100,1203
1,24089,767,0,5,Calmed,Calmed,100,1204
1,24092,767,0,5,Calmed,Calmed,100,1205
1,24094,767,0,5,Calmed,Calmed,100,1206
1,24096,767,0,5,Calmed,Calmed,100,1207
1,24106,767,0,5,Calmed,Calmed,100,1208
1,24108,767,0,5,Calmed,Calmed,100,1209
1,24111,767,0,5,Calmed,Calmed,100,1210
1,24113,767,0,5,Calmed,Calmed,100,1211
1,24123,767,0,5,Calmed,Calmed,100,1212
1,24125,767,0,5,Calmed,Calmed,100,1213
1,24127,767,0,5,Calmed,Calmed,100,1214
1,24130,767,0,5,Calmed,Calmed,100,1215
1,24139,767,0,5,Calmed,Calmed,100,1216
1,24142,767,0,5,Calmed,Calmed,100,1217
1,24144,767,0,5,Calmed,Calmed,100,1218
1,24146,767,0,5,Calmed,Calmed,100,1219
1,24156,767,0,5,Calmed,Calmed,100,1220
1,24158,767,0,5,Calmed,Calmed,100,1221
1,24161,767,0,5,Calmed,Calmed,100,1222
1,24163,767,0,5,Calmed,Calmed,100,1223
1,24173,767,0,5,Calmed,Calmed,100,1224
1,24175,767,0,5,Calmed,Calmed,100,1225
1,24178,767,0,5,Calmed,Calmed,100,1226
1,24180,767,0,5,Calmed,Calmed,100,1227
1,24189,767,0,5,Calmed,Calmed,100,1228
1,24192,767,0,5,Calmed,Calmed,100,1229
1,24194,767,0,5,Calmed,Calmed,100,1230
1,24197,767,0,5,Calmed,Calmed,100,1231
1,24206,767,0,5,Calmed,Calmed,100,1232
1,24208,767,0,5,Calmed,Calmed,100,1233
1,24211,767,0,5,Calmed,Calmed,100,1234
1,24213,767,0,5,Calmed,Calmed,100,1235
1,24223,767,0,5,Calmed,Calmed,100,1236
1,24225,767,0,5,Calmed,Calmed,100,1237
1,24228,767,0,5,Calmed,Calmed,100,1238
1,24230,767,0,5,Calmed,Calmed,100,1239
1,24239,767,0,5,Calmed,Calmed,100,1240
1,24242,767,0,5,Calmed,Calmed,100,1241
1,24244,767,0,5,Calmed,Calmed,100,1242
1,24247,767,0,5,Calmed,Calmed,100,1243
1,24256,767,0,5,Calmed,Calmed,100,1244
1,24258,767,0,5,Calmed,Calmed,100,1245
1,24261,767,0,5,Calmed,Calmed,100,1246
1,24263,767,0,5,Calmed,Calmed,100,1247
1,24273,767,0,5,Calmed,Calmed,100,1248
1,24275,767,0,5,Calmed,Calmed,100,1249
1,24277,767,0,5,Calmed,Calmed,100,1250
1,24280,767,0,5,Calmed,Calmed,100,1251
1,24289,767,0,5,Calmed,Calmed,100,1252
1,24292,767,0,5,Calmed,Calmed,100,1253
1,24295,767,0,5,Calmed,Calmed,100,1254
1,24297,767,0,5,Calmed,Calmed,100,1255
1,24306,767,0,5,Calmed,Calmed,100,1256
1,24308,767,0,5,Calmed,Calmed,100,1257
1,24311,767,0,5,Calmed,Calmed,100,1258
1,24313,767,0,5,Calmed,Calmed,100,1259
1,24323,767,0,5,Calmed,Calmed,100,1260
1,24325,767,0,5,Calmed,Calmed,100,1261
1,24328,767,0,5,Calmed,Calmed,100,1262
1,24330,767,0,5,Calmed,Calmed,100,1263
1,24339,767,0,5,Calmed,Calmed,100,1264
1,24342,767,0,5,Calmed,Calmed,100,1265
1,24344,767,0,5,Calmed,Calmed,100,1266
1,24347,767,0,5,Calmed,Calmed,100,1267
1,24356,767,0,5,Calmed,Calmed,100,1268
1,24359,767,0,5,Calmed,Calmed,100,1269
1,24361,767,0,5,Calmed,Calmed,100,1270
1,24364,767,0,5,Calmed,Calmed,100,1271
1,24372,767,0,5,Calmed,Calmed,100,1272
1,24375,767,0,5,Calmed,Calmed,100,1273
1,24377,767,0,5,Calmed,Calmed,100,1274
1,24380,767,0,5,Calmed,Calmed,100,1275
1,24389,767,0,5,Calmed,Calmed,100,1276
1,24392,767,0,5,Calmed,Calmed,100,1277
1,24394,767,0,5,Calmed,Calmed,100,1278
1,24397,767,0,5,Calmed,Calmed,100,1279
1,24406,767,0,5,Calmed,Calmed,100,1280
1,24408,767,0,5,Calmed,Calmed,100,1281
1,24411,767,0,5,Calmed,Calmed,100,1282
1,24413,767,0,5,Calmed,Calmed,100,1283
1,24422,767,0,5,Calmed,Calmed,100,1284
1,24425,767,0,5,Calmed,Calmed,100,1285
1,24427,767,0,5,Calmed,Calmed,100,1286
1,24430,767,0,5,Calmed,Calmed,100,1287
1,24439,767,0,5,Calmed,Calmed,100,1288
1,24442,767,0,5,Calmed,Calmed,100,1289
1,24444,767,0,5,Calmed,Calmed,100,1290
1,24447,767,0,5,Calmed,Calmed,100,1291
1,24456,767,0,5,Calmed,Calmed,100,1292
1,24458,767,0,5,Calmed,Calmed,100,1293
1,24461,767,0,5,Calmed,Calmed,100,1294
1,24463,767,0,5,Calmed,Calmed,100,1295
1,24472,767,0,5,Calmed,Calmed,100,1296
1,24475,767,0,5,Calmed,Calmed,100,1297
1,24477,767,0,5,Calmed,Calmed,100,1298
1,24480,767,0,5,Calmed,Calmed,100,1299
1,24489,767,0,5,Calmed,Calmed,100,1300
1,24492,767,0,5,Calmed,Calmed,100,1301
1,24494,767,0,5,Calmed,Calmed,100,1302
1,24497,767,0,5,Calmed,Calmed,100,1303
1,24506,767,0,5,Calmed,Calmed,100,1304
1,24508,767,0,5,Calmed,Calmed,100,1305
1,24511,767,0,5,Calmed,Calmed,100,1306
1,24513,767,0,5,Calmed,Calmed,100,1307
1,24522,767,0,5,Calmed,Calmed,100,1308
1,24525,767,0,5,Calmed,Calmed,100,1309
1,24528,767,0,5,Calmed,Calmed,100,1310
1,24530,767,0,5,Calmed,Calmed,100,1311
1,24539,767,0,5,Calmed,Calmed,100,1312
1,24542,767,0,5,Calmed,Calmed,100,1313
1,24544,767,0,5,Calmed,Calmed,100,1314
1,24547,767,0,5,Calmed,Calmed,100,1315
1,24556,767,0,5,Calmed,Calmed,100,1316
1,24559,767,0,5,Calmed,Calmed,100,1317
1,24561,767,0,5,Calmed,Calmed,100,1318
1,24564,767,0,5,Calmed,Calmed,100,1319
1,24572,767,0,5,Calmed,Calmed,100,1320
1,24575,767,0,5,Calmed,Calmed,100,1321
1,24577,767,0,5,Calmed,Calmed,100,1322
1,24580,767,0,5,Calmed,Calmed,100,1323
1,24589,767,0,5,Calmed,Calmed,100,1324
1,24592,767,0,5,Calmed,Calmed,100,1325
1,24594,767,0,5,Calmed,Calmed,100,1326
1,24596,767,0,5,Calmed,Calmed,100,1327
1,24606,767,0,5,Calmed,Calmed,100,1328
1,24609,767,0,5,Calmed,Calmed,100,1329
1,24611,767,0,5,Calmed,Calmed,100,1330
1,24613,767,0,5,Calmed,Calmed,100,1331
1,24623,767,0,5,Calmed,Calmed,100,1332
1,24625,767,0,5,Calmed,Calmed,100,1333
1,24628,767,0,5,Calmed,Calmed,100,1334
1,24630,767,0,5,Calmed,Calmed,100,1335
1,24639,767,0,5,Calmed,Calmed,100,1336
1,24642,767,0,5,Calmed,Calmed,100,1337
1,24644,767,0,5,Calmed,Calmed,100,1338
1,24647,767,0,5,Calmed,Calmed,100,1339
1,24656,767,0,5,Calmed,Calmed,100,1340
1,24658,767,0,5,Calmed,Calmed,100,1341
1,24661,767,0,5,Calmed,Calmed,100,1342
1,24663,767,0,5,Calmed,Calmed,100,1343
1,24673,767,0,5,Calmed,Calmed,100,1344
1,24675,767,0,5,Calmed,Calmed,100,1345
1,24678,767,0,5,Calmed,Calmed,100,1346
1,24680,767,0,5,Calmed,Calmed,100,1347
1,24689,767,0,5,Calmed,Calmed,100,1348
1,24692,767,0,5,Calmed,Calmed,100,1349
1,24694,767,0,5,Calmed,Calmed,100,1350
1,24697,767,0,5,Calmed,Calmed,100,1351
1,24706,767,0,5,Calmed,Calmed,100,1352
1,24708,767,0,5,Calmed,Calmed,100,1353
1,24711,767,0,5,Calmed,Calmed,100,1354
1,24713,767,0,5,Calmed,Calmed,100,1355
1,24723,767,0,5,Calmed,Calmed,100,1356
1,24725,767,0,5,Calmed,Calmed,100,1357
1,24728,767,0,5,Calmed,Calmed,100,1358
1,24730,767,0,5,Calmed,Calmed,100,1359
1,24739,767,0,5,Calmed,Calmed,100,1360
1,24742,767,0,5,Calmed,Calmed,100,1361
1,24744,767,0,5,Calmed,Calmed,100,1362
1,24746,767,0,5,Calmed,Calmed,100,1363
1,24756,767,0,5,Calmed,Calmed,100,1364
1,24759,767,0,5,Calmed,Calmed,100,1365
1,24761,767,0,5,Calmed,Calmed,100,1366
1,24763,767,0,5,Calmed,Calmed,100,1367
1,24773,767,0,5,Calmed,Calmed,100,1368
1,24775,767,0,5,Calmed,Calmed,100,1369
1,24778,767,0,5,Calmed,Calmed,100,1370
1,24780,767,0,5,Calmed,Calmed,100,1371
1,24789,767,0,5,Calmed,Calmed,100,1372
1,24792,767,0,5,Calmed,Calmed,100,1373
1,24794,767,0,5,Calmed,Calmed,100,1374
1,24797,767,0,5,Calmed,Calmed,100,1375
1,24806,767,0,5,Calmed,Calmed,100,1376
1,24808,767,0,5,Calmed,Calmed,100,1377
1,24811,767,0,5,Calmed,Calmed,100,1378
1,24813,767,0,5,Calmed,Calmed,100,1379
1,24823,767,0,5,Calmed,Calmed,100,1380
1,24825,767,0,5,Calmed,Calmed,100,1381
1,24827,767,0,5,Calmed,Calmed,100,1382
1,24830,767,0,5,Calmed,Calmed,100,1383
1,24839,767,0,5,Calmed,Calmed,100,1384
1,24842,767,0,5,Calmed,Calmed,100,1385
1,24844,767,0,5,Calmed,Calmed,100,1386
1,24847,767,0,5,Calmed,Calmed,100,1387
1,24856,767,0,5,Calmed,Calmed,100,1388
1,24858,767,0,5,Calmed,Calmed,100,1389
1,24861,767,0,5,Calmed,Calmed,100,1390
1,24863,767,0,5,Calmed,Calmed,100,1391
1,24872,767,0,5,Calmed,Calmed,100,1392
1,24875,767,0,5,Calmed,Calmed,100,1393
1,24878,767,0,5,Calmed,Calmed,100,1394
1,24880,767,0,5,Calmed,Calmed,100,1395
1,24889,767,0,5,Calmed,Calmed,100,1396
1,24892,767,0,5,Calmed,Calmed,100,1397
1,24894,767,0,5,Calmed,Calmed,100,1398
1,24897,767,0,5,Calmed,Calmed,100,1399
1,24906,767,0,5,Calmed,Calmed,100,1400
1,24908,767,0,5,Calmed,Calmed,100,1401
1,24911,767,0,5,Calmed,Calmed,100,1402
1,24914,767,0,5,Calmed,Calmed,100,1403
1,24922,767,0,5,Calmed,Calmed,100,1404
1,24925,767,0,5,Calmed,Calmed,100,1405
1,24927,767,0,5,Calmed,Calmed,100,1406
1,24930,767,0,5,Calmed,Calmed,100,1407
1,24939,767,0,5,Calmed,Calmed,100,1408
1,24942,767,0,5,Calmed,Calmed,100,1409
1,24944,767,0,5,Calmed,Calmed,100,1410
1,24947,767,0,5,Calmed,Calmed,100,1411
1,24956,767,0,5,Calmed,Calmed,100,1412
1,24958,767,0,5,Calmed,Calmed,100,1413
1,24961,767,0,5,Calmed,Calmed,100,1414
1,24963,767,0,5,Calmed,Calmed,100,1415
1,24972,767,0,5,Calmed,Calmed,100,1416
1,24975,767,0,5,Calmed,Calmed,100,1417
1,24978,767,0,5,Calmed,Calmed,100,1418
1,24980,767,0,5,Calmed,Calmed,100,1419
1,24989,767,0,5,Calmed,Calmed,100,1420
1,24992,767,0,5,Calmed,Calmed,100,1421
1,24994,767,0,5,Calmed,Calmed,100,1422
1,24996,767,0,5,Calmed,Calmed,100,1423
1,25006,767,0,5,Calmed,Calmed,100,1424
1,25008,767,0,5,Calmed,Calmed,100,1425
1,25011,767,0,5,Calmed,Calmed,100,1426
1,25013,767,0,5,Calmed,Calmed,100,1427
1,25023,767,0,5,Calmed,Calmed,100,1428
1,25025,767,0,5,Calmed,Calmed,100,1429
1,25027,767,0,5,Calmed,Calmed,100,1430
1,25030,767,0,5,Calmed,Calmed,100,1431
1,25039,767,0,5,Calmed,Calmed,100,1432
1,25042,767,0,5,Calmed,Calmed,100,1433
1,25044,767,0,5,Calmed,Calmed,100,1434
1,25047,767,0,5,Calmed,Calmed,100,1435
1,25056,767,0,5,Calmed,Calmed,100,1436
1,25058,767,0,5,Calmed,Calmed,100,1437
1,25061,767,0,5,Calmed,Calmed,100,1438
1,25063,767,0,5,Calmed,Calmed,100,1439
1,25073,767,0,5,Calmed,Calmed,100,1440
1,25075,767,0,5,Calmed,Calmed,100,1441
1,25078,767,0,5,Calmed,Calmed,100,1442
1,25080,767,0,5,Calmed,Calmed,100,1443
1,25089,767,0,5,Calmed,Calmed,100,1444
1,25092,767,0,5,Calmed,Calmed,100,1445
1,25094,767,0,5,Calmed,Calmed,100,1446
1,25097,767,0,5,Calmed,Calmed,100,1447
1,25106,767,0,5,Calmed,Calmed,100,1448
1,25108,767,0,5,Calmed,Calmed,100,1449
1,25111,767,0,5,Calmed,Calmed,100,1450
1,25113,767,0,5,Calmed,Calmed,100,1451
1,25122,767,0,5,Calmed,Calmed,100,1452
1,25125,767,0,5,Calmed,Calmed,100,1453
1,25128,767,0,5,Calmed,Calmed,100,1454
1,25130,767,0,5,Calmed,Calmed,100,1455
1,25139,767,0,5,Calmed,Calmed,100,1456
1,25142,767,0,5,Calmed,Calmed,100,1457
1,25144,767,0,5,Calmed,Calmed,100,1458
1,25147,767,0,5,Calmed,Calmed,100,1459
1,25156,767,0,5,Calmed,Calmed,100,1460
1,25158,767,0,5,Calmed,Calmed,100,1461
1,25161,767,0,5,Calmed,Calmed,100,1462
1,25164,767,0,5,Calmed,Calmed,100,1463
1,25172,767,0,5,Calmed,Calmed,100,1464
1,25175,767,0,5,Calmed,Calmed,100,1465
1,25178,767,0,5,Calmed,Calmed,100,1466
1,25180,767,0,5,Calmed,Calmed,100,1467
1,25189,767,0,5,Calmed,Calmed,100,1468
1,25192,767,0,5,Calmed,Calmed,100,1469
1,25195,767,0,5,Calmed,Calmed,100,1470
1,25197,767,0,5,Calmed,Calmed,100,1471
1,25206,767,0,5,Calmed,Calmed,100,1472
1,25208,767,0,5,Calmed,Calmed,100,1473
1,25211,767,0,5,Calmed,Calmed,100,1474
1,25213,767,0,5,Calmed,Calmed,100,1475
1,25222,767,0,5,Calmed,Calmed,100,1476
1,25225,767,0,5,Calmed,Calmed,100,1477
1,25227,767,0,5,Calmed,Calmed,100,1478
1,25230,767,0,5,Calmed,Calmed,100,1479
1,25239,767,0,5,Calmed,Calmed,100,1480
1,25242,767,0,5,Calmed,Calmed,100,1481
1,25244,767,0,5,Calmed,Calmed,100,1482
1,25246,767,0,5,Calmed,Calmed,100,1483
1,25256,767,0,5,Calmed,Calmed,100,1484
1,25258,767,0,5,Calmed,Calmed,100,1485
1,25261,767,0,5,Calmed,Calmed,100,1486
1,25263,767,0,5,Calmed,Calmed,100,1487
1,25272,767,0,5,Calmed,Calmed,100,1488
1,25275,767,0,5,Calmed,Calmed,100,1489
1,25278,767,0,5,Calmed,Calmed,100,1490
1,25280,767,0,5,Calmed,Calmed,100,1491
1,25289,767,0,5,Calmed,Calmed,100,1492
1,25292,767,0,5,Calmed,Calmed,100,1493
1,25294,767,0,5,Calmed,Calmed,100,1494
1,25296,767,0,5,Calmed,Calmed,100,1495
1,25306,767,0,5,Calmed,Calmed,100,1496
1,25308,767,0,5,Calmed,Calmed,100,1497
1,25311,767,0,5,Calmed,Calmed,100,1498
1,25313,767,0,5,Calmed,Calmed,100,1499
1,25323,767,0,5,Calmed,Calmed,100,1500
1,25325,767,0,5,Calmed,Calmed,100,1501
1,25327,767,0,5,Calmed,Calmed,100,1502
1,25330,767,0,5,Calmed,Calmed,100,1503
1,25339,767,0,5,Calmed,Calmed,100,1504
1,25342,767,0,5,Calmed,Calmed,100,1505
1,25344,767,0,5,Calmed,Calmed,100,1506
1,25346,767,0,5,Calmed,Calmed,100,1507
1,25356,767,0,5,Calmed,Calmed,100,1508
1,25358,767,0,5,Calmed,Calmed,100,1509
1,25361,767,0,5,Calmed,Calmed,100,1510
1,25363,767,0,5,Calmed,Calmed,100,1511
1,25372,767,0,5,Calmed,Calmed,100,1512
1,25375,767,0,5,Calmed,Calmed,100,1513
1,25377,767,0,5,Calmed,Calmed,100,1514
1,25380,767,0,5,Calmed,Calmed,100,1515
1,25389,767,0,5,Calmed,Calmed,100,1516
1,25392,767,0,5,Calmed,Calmed,100,1517
1,25394,767,0,5,Calmed,Calmed,100,1518
1,25396,767,0,5,Calmed,Calmed,100,1519
1,25406,767,0,5,Calmed,Calmed,100,1520
1,25408,767,0,5,Calmed,Calmed,100,1521
1,25411,767,0,5,Calmed,Calmed,100,1522
1,25413,767,0,5,Calmed,Calmed,100,1523
1,25422,767,0,5,Calmed,Calmed,100,1524
1,25425,767,0,5,Calmed,Calmed,100,1525
1,25427,767,0,5,Calmed,Calmed,100,1526
1,25430,767,0,5,Calmed,Calmed,100,1527
1,25439,767,0,5,Calmed,Calmed,100,1528
1,25442,767,0,5,Calmed,Calmed,100,1529
1,25444,767,0,5,Calmed,Calmed,100,1530
1,25447,767,0,5,Calmed,Calmed,100,1531
1,25456,767,0,5,Calmed,Calmed,100,1532
1,25459,767,0,5,Calmed,Calmed,100,1533
1,25461,767,0,5,Calmed,Calmed,100,1534
1,25464,767,0,5,Calmed,Calmed,100,1535
1,25472,767,0,5,Calmed,Calmed,100,1536
1,25475,767,0,5,Calmed,Calmed,100,1537
1,25477,767,0,5,Calmed,Calmed,100,1538
1,25480,767,0,5,Calmed,Calmed,100,1539
1,25489,767,0,5,Calmed,Calmed,100,1540
1,25492,767,0,5,Calmed,Calmed,100,1541
1,25494,767,0,5,Calmed,Calmed,100,1542
1,25497,767,0,5,Calmed,Calmed,100,1543
1,25506,767,0,5,Calmed,Calmed,100,1544
1,25509,767,0,5,Calmed,Calmed,100,1545
1,25511,767,0,5,Calmed,Calmed,100,1546
1,25514,767,0,5,Calmed,Calmed,100,1547
1,25523,767,0,5,Calmed,Calmed,100,1548
1,25525,767,0,5,Calmed,Calmed,100,1549
1,25528,767,0,5,Calmed,Calmed,100,1550
1,25530,767,0,5,Calmed,Calmed,100,1551
1,25539,767,0,5,Calmed,Calmed,100,1552
1,25543,767,0,5,Calmed,Calmed,100,1553
1,25545,767,0,5,Calmed,Calmed,100,1554
1,25547,767,0,5,Calmed,Calmed,100,1555
1,25556,767,0,5,Calmed,Calmed,100,1556
1,25558,767,0,5,Calmed,Calmed,100,1557
1,25561,767,0,5,Calmed,Calmed,100,1558
1,25563,767,0,5,Calmed,Calmed,100,1559
1,25573,767,0,5,Calmed,Calmed,100,1560
1,25575,767,0,5,Calmed,Calmed,100,1561
1,25578,767,0,5,Calmed,Calmed,100,1562
1,25580,767,0,5,Calmed,Calmed,100,1563
1,25589,767,0,5,Calmed,Calmed,100,1564
1,25592,767,0,5,Calmed,Calmed,100,1565
1,25594,767,0,5,Calmed,Calmed,100,1566
1,25596,767,0,5,Calmed,Calmed,100,1567
1,25606,767,0,5,Calmed,Calmed,100,1568
1,25609,767,0,5,Calmed,Calmed,100,1569
1,25611,767,0,5,Calmed,Calmed,100,1570
1,25614,767,0,5,Calmed,Calmed,100,1571
1,25622,767,0,5,Calmed,Calmed,100,1572
1,25625,767,0,5,Calmed,Calmed,100,1573
1,25628,767,0,5,Calmed,Calmed,100,1574
1,25630,767,0,5,Calmed,Calmed,100,1575
1,25639,767,0,5,Calmed,Calmed,100,1576
1,25642,767,0,5,Calmed,Calmed,100,1577
1,25644,767,0,5,Calmed,Calmed,100,1578
1,25647,767,0,5,Calmed,Calmed,100,1579
1,25656,767,0,5,Calmed,Calmed,100,1580
1,25658,767,0,5,Calmed,Calmed,100,1581
1,25661,767,0,5,Calmed,Calmed,100,1582
1,25663,767,0,5,Calmed,Calmed,100,1583
1,25673,767,0,5,Calmed,Calmed,100,1584
1,25675,767,0,5,Calmed,Calmed,100,1585
1,25677,767,0,5,Calmed,Calmed,100,1586
1,25680,767,0,5,Calmed,Calmed,100,1587
1,25689,767,0,5,Calmed,Calmed,100,1588
1,25692,767,0,5,Calmed,Calmed,100,1589
1,25694,767,0,5,Calmed,Calmed,100,1590
1,25697,767,0,5,Calmed,Calmed,100,1591
1,25706,767,0,5,Calmed,Calmed,100,1592
1,25708,767,0,5,Calmed,Calmed,100,1593
1,25711,767,0,5,Calmed,Calmed,100,1594
1,25713,767,0,5,Calmed,Calmed,100,1595
1,25722,767,0,5,Calmed,Calmed,100,1596
1,25725,767,0,5,Calmed,Calmed,100,1597
1,25727,767,0,5,Calmed,Calmed,100,1598
1,25730,767,0,5,Calmed,Calmed,100,1599
1,25739,767,0,5,Calmed,Calmed,100,1600
1,25742,767,0,5,Calmed,Calmed,100,1601
1,25744,767,0,5,Calmed,Calmed,100,1602
1,25747,767,0,5,Calmed,Calmed,100,1603
1,25756,767,0,5,Calmed,Calmed,100,1604
1,25759,767,0,5,Calmed,Calmed,100,1605
1,25761,767,0,5,Calmed,Calmed,100,1606
1,25763,767,0,5,Calmed,Calmed,100,1607
1,25773,767,0,5,Calmed,Calmed,100,1608
1,25775,767,0,5,Calmed,Calmed,100,1609
1,25778,767,0,5,Calmed,Calmed,100,1610
1,25780,767,0,5,Calmed,Calmed,100,1611
1,25789,767,0,5,Calmed,Calmed,100,1612
1,25792,767,0,5,Calmed,Calmed,100,1613
1,25794,767,0,5,Calmed,Calmed,100,1614
1,25797,767,0,5,Calmed,Calmed,100,1615
1,25806,767,0,5,Calmed,Calmed,100,1616
1,25808,767,0,5,Calmed,Calmed,100,1617
1,25811,767,0,5,Calmed,Calmed,100,1618
1,25813,767,0,5,Calmed,Calmed,100,1619
1,25822,767,0,5,Calmed,Calmed,100,1620
1,25825,767,0,5,Calmed,Calmed,100,1621
1,25828,767,0,5,Calmed,Calmed,100,1622
1,25830,767,0,5,Calmed,Calmed,100,1623
1,25839,767,0,5,Calmed,Calmed,100,1624
1,25842,767,0,5,Calmed,Calmed,100,1625
1,25844,767,0,5,Calmed,Calmed,100,1626
1,25847,767,0,5,Calmed,Calmed,100,1627
1,25856,767,0,5,Calmed,Calmed,100,1628
1,25858,767,0,5,Calmed,Calmed,100,1629
1,25861,767,0,5,Calmed,Calmed,100,1630
1,25863,767,0,5,Calmed,Calmed,100,1631
1,25872,767,0,5,Calmed,Calmed,100,1632
1,25875,767,0,5,Calmed,Calmed,100,1633
1,25877,767,0,5,Calmed,Calmed,100,1634
1,25880,767,0,5,Calmed,Calmed,100,1635
1,25889,767,0,5,Calmed,Calmed,100,1636
1,25892,767,0,5,Calmed,Calmed,100,1637
1,25894,767,0,5,Calmed,Calmed,100,1638
1,25897,767,0,5,Calmed,Calmed,100,1639
1,25906,767,0,5,Calmed,Calmed,100,1640
1,25909,767,0,5,Calmed,Calmed,100,1641
1,25911,767,0,5,Calmed,Calmed,100,1642
1,25913,767,0,5,Calmed,Calmed,100,1643
1,25922,767,0,5,Calmed,Calmed,100,1644
1,25925,767,0,5,Calmed,Calmed,100,1645
1,25927,767,0,5,Calmed,Calmed,100,1646
1,25930,767,0,5,Calmed,Calmed,100,1647
1,25939,767,0,5,Calmed,Calmed,100,1648
1,25942,767,0,5,Calmed,Calmed,100,1649
1,25944,767,0,5,Calmed,Calmed,100,1650
1,25947,767,0,5,Calmed,Calmed,100,1651
1,25956,767,0,5,Calmed,Calmed,100,1652
1,25958,767,0,5,Calmed,Calmed,100,1653
1,25961,767,0,5,Calmed,Calmed,100,1654
1,25963,767,0,5,Calmed,Calmed,100,1655
1,25972,767,0,5,Calmed,Calmed,100,1656
1,25975,767,0,5,Calmed,Calmed,100,1657
1,25978,767,0,5,Calmed,Calmed,100,1658
1,25980,767,0,5,Calmed,Calmed,100,1659
1,25989,767,0,5,Calmed,Calmed,100,1660
1,25992,767,0,5,Calmed,Calmed,100,1661
1,25994,767,0,5,Calmed,Calmed,100,1662
1,25996,767,0,5,Calmed,Calmed,100,1663
1,26006,767,0,5,Calmed,Calmed,100,1664
1,26008,767,0,5,Calmed,Calmed,100,1665
1,26011,767,0,5,Calmed,Calmed,100,1666
1,26013,767,0,5,Calmed,Calmed,100,1667
1,26023,767,0,5,Calmed,Calmed,100,1668
1,26026,767,0,5,Calmed,Calmed,100,1669
1,26028,767,0,5,Calmed,Calmed,100,1670
1,26030,767,0,5,Calmed,Calmed,100,1671
1,26039,767,0,5,Calmed,Calmed,100,1672
1,26042,767,0,5,Calmed,Calmed,100,1673
1,26044,767,0,5,Calmed,Calmed,100,1674
1,26046,767,0,5,Calmed,Calmed,100,1675
1,26056,767,0,5,Calmed,Calmed,100,1676
1,26058,767,0,5,Calmed,Calmed,100,1677
1,26061,767,0,5,Calmed,Calmed,100,1678
1,26063,767,0,5,Calmed,Calmed,100,1679
1,26073,767,0,5,Calmed,Calmed,100,1680
1,26075,767,0,5,Calmed,Calmed,100,1681
1,26078,767,0,5,Calmed,Calmed,100,1682
1,26080,767,0,5,Calmed,Calmed,100,1683
1,26089,767,0,5,Calmed,Calmed,100,1684
1,26092,767,0,5,Calmed,Calmed,100,1685
1,26094,767,0,5,Calmed,Calmed,100,1686
1,26096,767,0,5,Calmed,Calmed,100,1687
1,26106,767,0,5,Calmed,Calmed,100,1688
1,26108,767,0,5,Calmed,Calmed,100,1689
1,26111,767,0,5,Calmed,Calmed,100,1690
1,26113,767,0,5,Calmed,Calmed,100,1691
1,26123,767,0,5,Calmed,Calmed,100,1692
1,26125,767,0,5,Calmed,Calmed,100,1693
1,26128,767,0,5,Calmed,Calmed,100,1694
1,26130,767,0,5,Calmed,Calmed,100,1695
1,26139,767,0,5,Calmed,Calmed,100,1696
1,26142,767,0,5,Calmed,Calmed,100,1697
1,26144,767,0,5,Calmed,Calmed,100,1698
1,26146,767,0,5,Calmed,Calmed,100,1699
1,26156,767,0,5,Calmed,Calmed,100,1700
1,26158,767,0,5,Calmed,Calmed,100,1701
1,26161,767,0,5,Calmed,Calmed,100,1702
1,26163,767,0,5,Calmed,Calmed,100,1703
1,26172,767,0,5,Calmed,Calmed,100,1704
1,26175,767,0,5,Calmed,Calmed,100,1705
1,26178,767,0,5,Calmed,Calmed,100,1706
1,26180,767,0,5,Calmed,Calmed,100,1707
1,26189,767,0,5,Calmed,Calmed,100,1708
1,26192,767,0,5,Calmed,Calmed,100,1709
1,26194,767,0,5,Calmed,Calmed,100,1710
1,26197,767,0,5,Calmed,Calmed,100,1711
1,26206,767,0,5,Calmed,Calmed,100,1712
1,26208,767,0,5,Calmed,Calmed,100,1713
1,26211,767,0,5,Calmed,Calmed,100,1714
1,26213,767,0,5,Calmed,Calmed,100,1715
1,26223,767,0,5,Calmed,Calmed,100,1716
1,26225,767,0,5,Calmed,Calmed,100,1717
1,26228,767,0,5,Calmed,Calmed,100,1718
1,26230,767,0,5,Calmed,Calmed,100,1719
1,26239,767,0,5,Calmed,Calmed,100,1720
1,26242,767,0,5,Calmed,Calmed,100,1721
1,26244,767,0,5,Calmed,Calmed,100,1722
1,26247,767,0,5,Calmed,Calmed,100,1723
1,26256,767,0,5,Calmed,Calmed,100,1724
1,26258,767,0,5,Calmed,Calmed,100,1725
1,26261,767,0,5,Calmed,Calmed,100,1726
1,26263,767,0,5,Calmed,Calmed,100,1727
1,26273,767,0,5,Calmed,Calmed,100,1728
1,26275,767,0,5,Calmed,Calmed,100,1729
1,26277,767,0,5,Calmed,Calmed,100,1730
1,26280,767,0,5,Calmed,Calmed,100,1731
1,26289,767,0,5,Calmed,Calmed,100,1732
1,26292,767,0,5,Calmed,Calmed,100,1733
1,26294,767,0,5,Calmed,Calmed,100,1734
1,26297,767,0,5,Calmed,Calmed,100,1735
1,26306,767,0,5,Calmed,Calmed,100,1736
1,26308,767,0,5,Calmed,Calmed,100,1737
1,26311,767,0,5,Calmed,Calmed,100,1738
1,26313,767,0,5,Calmed,Calmed,100,1739
1,26323,767,0,5,Calmed,Calmed,100,1740
1,26325,767,0,5,Calmed,Calmed,100,1741
1,26328,767,0,5,Calmed,Calmed,100,1742
1,26330,767,0,5,Calmed,Calmed,100,1743
1,26339,767,0,5,Calmed,Calmed,100,1744
1,26342,767,0,5,Calmed,Calmed,100,1745
1,26344,767,0,5,Calmed,Calmed,100,1746
1,26347,767,0,5,Calmed,Calmed,100,1747
1,26356,767,0,5,Calmed,Calmed,100,1748
1,26358,767,0,5,Calmed,Calmed,100,1749
1,26361,767,0,5,Calmed,Calmed,100,1750
1,26363,767,0,5,Calmed,Calmed,100,1751
1,26372,767,0,5,Calmed,Calmed,100,1752
1,26375,767,0,5,Calmed,Calmed,100,1753
1,26378,767,0,5,Calmed,Calmed,100,1754
1,26380,767,0,5,Calmed,Calmed,100,1755
1,26389,767,0,5,Calmed,Calmed,100,1756
1,26392,767,0,5,Calmed,Calmed,100,1757
1,26394,767,0,5,Calmed,Calmed,100,1758
1,26396,767,0,5,Calmed,Calmed,100,1759
1,26406,767,0,5,Calmed,Calmed,100,1760
1,26408,767,0,5,Calmed,Calmed,100,1761
1,26411,767,0,5,Calmed,Calmed,100,1762
1,26413,767,0,5,Calmed,Calmed,100,1763
1,26423,767,0,5,Calmed,Calmed,100,1764
1,26425,767,0,5,Calmed,Calmed,100,1765
1,26427,767,0,5,Calmed,Calmed,100,1766
1,26430,767,0,5,Calmed,Calmed,100,1767
1,26439,767,0,5,Calmed,Calmed,100,1768
1,26442,767,0,5,Calmed,Calmed,100,1769
1,26444,767,0,5,Calmed,Calmed,100,1770
1,26447,767,0,5,Calmed,Calmed,100,1771
1,26456,767,0,5,Calmed,Calmed,100,1772
1,26458,767,0,5,Calmed,Calmed,100,1773
1,26461,767,0,5,Calmed,Calmed,100,1774
1,26463,767,0,5,Calmed,Calmed,100,1775
1,26473,767,0,5,Calmed,Calmed,100,1776
1,26475,767,0,5,Calmed,Calmed,100,1777
1,26478,767,0,5,Calmed,Calmed,100,1778
1,26480,767,0,5,Calmed,Calmed,100,1779
1,26489,767,0,5,Calmed,Calmed,100,1780
1,26492,767,0,5,Calmed,Calmed,100,1781
1,26494,767,0,5,Calmed,Calmed,100,1782
1,26497,767,0,5,Calmed,Calmed,100,1783
1,26506,767,0,5,Calmed,Calmed,100,1784
1,26508,767,0,5,Calmed,Calmed,100,1785
1,26511,767,0,5,Calmed,Calmed,100,1786
1,26513,767,0,5,Calmed,Calmed,100,1787
1,26522,767,0,5,Calmed,Calmed,100,1788
1,26525,767,0,5,Calmed,Calmed,100,1789
1,26527,767,0,5,Calmed,Calmed,100,1790
1,26530,767,0,5,Calmed,Calmed,100,1791
1,26539,767,0,5,Calmed,Calmed,100,1792
1,26542,767,0,5,Calmed,Calmed,100,1793
1,26544,767,0,5,Calmed,Calmed,100,1794
1,26547,767,0,5,Calmed,Calmed,100,1795
1,26556,767,0,5,Calmed,Calmed,100,1796
1,26558,767,0,5,Calmed,Calmed,100,1797
1,26561,767,0,5,Calmed,Calmed,100,1798
1,26563,767,0,5,Calmed,Calmed,100,1799
1,26572,767,0,5,Calmed,Calmed,100,1800
1,26575,767,0,5,Calmed,Calmed,100,1801
1,26577,767,0,5,Calmed,Calmed,100,1802
1,26580,767,0,5,Calmed,Calmed,100,1803
1,26589,767,0,5,Calmed,Calmed,100,1804
1,26592,767,0,5,Calmed,Calmed,100,1805
1,26594,767,0,5,Calmed,Calmed,100,1806
1,26597,767,0,5,Calmed,Calmed,100,1807
1,26606,767,0,5,Calmed,Calmed,100,1808
1,26608,767,0,5,Calmed,Calmed,100,1809
1,26611,767,0,5,Calmed,Calmed,100,1810
1,26613,767,0,5,Calmed,Calmed,100,1811
1,26622,767,0,5,Calmed,Calmed,100,1812
1,26625,767,0,5,Calmed,Calmed,100,1813
1,26627,767,0,5,Calmed,Calmed,100,1814
1,26630,767,0,5,Calmed,Calmed,100,1815
1,26639,767,0,5,Calmed,Calmed,100,1816
1,26642,767,0,5,Calmed,Calmed,100,1817
1,26644,767,0,5,Calmed,Calmed,100,1818
1,26647,767,0,5,Calmed,Calmed,100,1819
1,26656,767,0,5,Calmed,Calmed,100,1820
1,26658,767,0,5,Calmed,Calmed,100,1821
1,26661,767,0,5,Calmed,Calmed,100,1822
1,26663,767,0,5,Calmed,Calmed,100,1823
1,26672,767,0,5,Calmed,Calmed,100,1824
1,26675,767,0,5,Calmed,Calmed,100,1825
1,26677,767,0,5,Calmed,Calmed,100,1826
1,26680,767,0,5,Calmed,Calmed,100,1827
1,26689,767,0,5,Calmed,Calmed,100,1828
1,26692,767,0,5,Calmed,Calmed,100,1829
1,26694,767,0,5,Calmed,Calmed,100,1830
1,26697,767,0,5,Calmed,Calmed,100,1831
1,26706,767,0,5,Calmed,Calmed,100,1832
1,26709,767,0,5,Calmed,Calmed,100,1833
1,26711,767,0,5,Calmed,Calmed,100,1834
1,26713,767,0,5,Calmed,Calmed,100,1835
1,26722,767,0,5,Calmed,Calmed,100,1836
1,26725,767,0,5,Calmed,Calmed,100,1837
1,26727,767,0,5,Calmed,Calmed,100,1838
1,26730,767,0,5,Calmed,Calmed,100,1839
1,26739,767,0,5,Calmed,Calmed,100,1840
1,26742,767,0,5,Calmed,Calmed,100,1841
1,26744,767,0,5,Calmed,Calmed,100,1842
1,26746,767,0,5,Calmed,Calmed,100,1843
1,26756,767,0,5,Calmed,Calmed,100,1844
1,26758,767,0,5,Calmed,Calmed,100,1845
1,26761,767,0,5,Calmed,Calmed,100,1846
1,26763,767,0,5,Calmed,Calmed,100,1847
1,26772,767,0,5,Calmed,Calmed,100,1848
1,26775,767,0,5,Calmed,Calmed,100,1849
1,26778,767,0,5,Calmed,Calmed,100,1850
1,26780,767,0,5,Calmed,Calmed,100,1851
1,26789,767,0,5,Calmed,Calmed,100,1852
1,26792,767,0,5,Calmed,Calmed,100,1853
1,26794,767,0,5,Calmed,Calmed,100,1854
1,26797,767,0,5,Calmed,Calmed,100,1855
1,26806,767,0,5,Calmed,Calmed,100,1856
1,26808,767,0,5,Calmed,Calmed,100,1857
1,26810,767,0,5,Calmed,Calmed,100,1858
1,26813,767,0,5,Calmed,Calmed,100,1859
1,26822,767,0,5,Calmed,Calmed,100,1860
1,26825,767,0,5,Calmed,Calmed,100,1861
1,26827,767,0,5,Calmed,Calmed,100,1862
1,26830,767,0,5,Calmed,Calmed,100,1863
1,26839,767,0,5,Calmed,Calmed,100,1864
1,26842,767,0,5,Calmed,Calmed,100,1865
1,26844,767,0,5,Calmed,Calmed,100,1866
1,26847,767,0,5,Calmed,Calmed,100,1867
1,26856,767,0,5,Calmed,Calmed,100,1868
1,26859,767,0,5,Calmed,Calmed,100,1869
1,26861,767,0,5,Calmed,Calmed,100,1870
1,26864,767,0,5,Calmed,Calmed,100,1871
1,26872,767,0,5,Calmed,Calmed,100,1872
1,26875,767,0,5,Calmed,Calmed,100,1873
1,26877,767,0,5,Calmed,Calmed,100,1874
1,26880,767,0,5,Calmed,Calmed,100,1875
1,26889,767,0,5,Calmed,Calmed,100,1876
1,26892,767,0,5,Calmed,Calmed,100,1877
1,26894,767,0,5,Calmed,Calmed,100,1878
1,26896,767,0,5,Calmed,Calmed,100,1879
1,26906,767,0,5,Calmed,Calmed,100,1880
1,26908,767,0,5,Calmed,Calmed,100,1881
1,26911,767,0,5,Calmed,Calmed,100,1882
1,26913,767,0,5,Calmed,Calmed,100,1883
1,26922,767,0,5,Calmed,Calmed,100,1884
1,26925,767,0,5,Calmed,Calmed,100,1885
1,26927,767,0,5,Calmed,Calmed,100,1886
1,26930,767,0,5,Calmed,Calmed,100,1887
1,26939,767,0,5,Calmed,Calmed,100,1888
1,26942,767,0,5,Calmed,Calmed,100,1889
1,26944,767,0,5,Calmed,Calmed,100,1890
1,26946,767,0,5,Calmed,Calmed,100,1891
1,26956,767,0,5,Calmed,Calmed,100,1892
1,26959,767,0,5,Calmed,Calmed,100,1893
1,26961,767,0,5,Calmed,Calmed,100,1894
1,26964,767,0,5,Calmed,Calmed,100,1895
1,26972,767,0,5,Calmed,Calmed,100,1896
1,26975,767,0,5,Calmed,Calmed,100,1897
1,26977,767,0,5,Calmed,Calmed,100,1898
1,26980,767,0,5,Calmed,Calmed,100,1899
1,26989,767,0,5,Calmed,Calmed,100,1900
1,26992,767,0,5,Calmed,Calmed,100,1901
1,26994,767,0,5,Calmed,Calmed,100,1902
1,26996,767,0,5,Calmed,Calmed,100,1903
1,27006,767,0,5,Calmed,Calmed,100,1904
1,27008,767,0,5,Calmed,Calmed,100,1905
1,27011,767,0,5,Calmed,Calmed,100,1906
1,27013,767,0,5,Calmed,Calmed,100,1907
1,27023,767,0,5,Calmed,Calmed,100,1908
1,27025,767,0,5,Calmed,Calmed,100,1909
1,27027,767,0,5,Calmed,Calmed,100,1910
1,27030,767,0,5,Calmed,Calmed,100,1911
1,27039,767,0,5,Calmed,Calmed,100,1912
1,27042,767,0,5,Calmed,Calmed,100,1913
1,27044,767,0,5,Calmed,Calmed,100,1914
1,27047,767,0,5,Calmed,Calmed,100,1915
1,27056,767,0,5,Calmed,Calmed,100,1916
1,27058,767,0,5,Calmed,Calmed,100,1917
1,27061,767,0,5,Calmed,Calmed,100,1918
1,27063,767,0,5,Calmed,Calmed,100,1919
1,27073,767,0,5,Calmed,Calmed,100,1920
1,27075,767,0,5,Calmed,Calmed,100,1921
1,27078,767,0,5,Calmed,Calmed,100,1922
1,27080,767,0,5,Calmed,Calmed,100,1923
1,27089,767,0,5,Calmed,Calmed,100,1924
1,27092,767,0,5,Calmed,Calmed,100,1925
1,27094,767,0,5,Calmed,Calmed,100,1926
1,27097,767,0,5,Calmed,Calmed,100,1927
1,27106,767,0,5,Calmed,Calmed,100,1928
1,27108,767,0,5,Calmed,Calmed,100,1929
1,27111,767,0,5,Calmed,Calmed,100,1930
1,27113,767,0,5,Calmed,Calmed,100,1931
1,27122,767,0,5,Calmed,Calmed,100,1932
1,27125,767,0,5,Calmed,Calmed,100,1933
1,27127,767,0,5,Calmed,Calmed,100,1934
1,27130,767,0,5,Calmed,Calmed,100,1935
1,27139,767,0,5,Calmed,Calmed,100,1936
1,27142,767,0,5,Calmed,Calmed,100,1937
1,27144,767,0,5,Calmed,Calmed,100,1938
1,27146,767,0,5,Calmed,Calmed,100,1939
1,27156,767,0,5,Calmed,Calmed,100,1940
1,27158,767,0,5,Calmed,Calmed,100,1941
1,27161,767,0,5,Calmed,Calmed,100,1942
1,27163,767,0,5,Calmed,Calmed,100,1943
1,27172,767,0,5,Calmed,Calmed,100,1944
1,27175,767,0,5,Calmed,Calmed,100,1945
1,27177,767,0,5,Calmed,Calmed,100,1946
1,27180,767,0,5,Calmed,Calmed,100,1947
1,27189,767,0,5,Calmed,Calmed,100,1948
1,27192,767,0,5,Calmed,Calmed,100,1949
1,27194,767,0,5,Calmed,Calmed,100,1950
1,27197,767,0,5,Calmed,Calmed,100,1951
1,27206,767,0,5,Calmed,Calmed,100,1952
1,27208,767,0,5,Calmed,Calmed,100,1953
1,27211,767,0,5,Calmed,Calmed,100,1954
1,27213,767,0,5,Calmed,Calmed,100,1955
1,27222,767,0,5,Calmed,Calmed,100,1956
1,27225,767,0,5,Calmed,Calmed,100,1957
1,27227,767,0,5,Calmed,Calmed,100,1958
1,27230,767,0,5,Calmed,Calmed,100,1959
1,27239,767,0,5,Calmed,Calmed,100,1960
1,27242,767,0,5,Calmed,Calmed,100,1961
1,27244,767,0,5,Calmed,Calmed,100,1962
1,27246,767,0,5,Calmed,Calmed,100,1963
1,27256,767,0,5,Calmed,Calmed,100,1964
1,27258,767,0,5,Calmed,Calmed,100,1965
1,27261,767,0,5,Calmed,Calmed,100,1966
1,27263,767,0,5,Calmed,Calmed,100,1967
1,27272,767,0,5,Calmed,Calmed,100,1968
1,27275,767,0,5,Calmed,Calmed,100,1969
1,27278,767,0,5,Calmed,Calmed,100,1970
1,27280,767,0,5,Calmed,Calmed,100,1971
1,27289,767,0,5,Calmed,Calmed,100,1972
1,27292,767,0,5,Calmed,Calmed,100,1973
1,27294,767,0,5,Calmed,Calmed,100,1974
1,27296,767,0,5,Calmed,Calmed,100,1975
1,27306,767,0,5,Calmed,Calmed,100,1976
1,27308,767,0,5,Calmed,Calmed,100,1977
1,27311,767,0,5,Calmed,Calmed,100,1978
1,27313,767,0,5,Calmed,Calmed,100,1979
1,27322,767,0,5,Calmed,Calmed,100,1980
1,27325,767,0,5,Calmed,Calmed,100,1981
1,27327,767,0,5,Calmed,Calmed,100,1982
1,27330,767,0,5,Calmed,Calmed,100,1983
1,27339,767,0,5,Calmed,Calmed,100,1984
1,27342,767,0,5,Calmed,Calmed,100,1985
1,27344,767,0,5,Calmed,Calmed,100,1986
1,27346,767,0,5,Calmed,Calmed,100,1987
1,27356,767,0,5,Calmed,Calmed,100,1988
1,27359,767,0,5,Calmed,Calmed,100,1989
1,27361,767,0,5,Calmed,Calmed,100,1990
1,27363,767,0,5,Calmed,Calmed,100,1991
1,27373,767,0,5,Calmed,Calmed,100,1992
1,27375,767,0,5,Calmed,Calmed,100,1993
1,27377,767,0,5,Calmed,Calmed,100,1994
1,27380,767,0,5,Calmed,Calmed,100,1995
1,27389,767,0,5,Calmed,Calmed,100,1996
1,27392,767,0,5,Calmed,Calmed,100,1997
1,27394,767,0,5,Calmed,Calmed,100,1998
1,27397,767,0,5,Calmed,Calmed,100,1999
1,27406,767,0,5,Calmed,Calmed,100,2000
1,27408,767,0,5,Calmed,Calmed,100,2001
1,27411,767,0,5,Calmed,Calmed,100,2002
1,27413,767,0,5,Calmed,Calmed,100,2003
1,27422,767,0,5,Calmed,Calmed,100,2004
1,27425,767,0,5,Calmed,Calmed,100,2005
1,27428,767,0,5,Calmed,Calmed,100,2006
1,27430,767,0,5,Calmed,Calmed,100,2007
1,27439,767,0,5,Calmed,Calmed,100,2008
1,27442,767,0,5,Calmed,Calmed,100,2009
1,27444,767,0,5,Calmed,Calmed,100,2010
1,27446,767,0,5,Calmed,Calmed,100,2011
1,27456,767,0,5,Calmed,Calmed,100,2012
1,27458,767,0,5,Calmed,Calmed,100,2013
1,27461,767,0,5,Calmed,Calmed,100,2014
1,27463,767,0,5,Calmed,Calmed,100,2015
1,27472,767,0,5,Calmed,Calmed,100,2016
1,27475,767,0,5,Calmed,Calmed,100,2017
1,27477,767,0,5,Calmed,Calmed,100,2018
1,27480,767,0,5,Calmed,Calmed,100,2019
1,27489,767,0,5,Calmed,Calmed,100,2020
1,27492,767,0,5,Calmed,Calmed,100,2021
1,27494,767,0,5,Calmed,Calmed,100,2022
1,27496,767,0,5,Calmed,Calmed,100,2023
1,27506,767,0,5,Calmed,Calmed,100,2024
1,27508,767,0,5,Calmed,Calmed,100,2025
1,27511,767,0,5,Calmed,Calmed,100,2026
1,27513,767,0,5,Calmed,Calmed,100,2027
1,27522,767,0,5,Calmed,Calmed,100,2028
1,27525,767,0,5,Calmed,Calmed,100,2029
1,27527,767,0,5,Calmed,Calmed,100,2030
1,27530,767,0,5,Calmed,Calmed,100,2031
1,27539,767,0,5,Calmed,Calmed,100,2032
1,27542,767,0,5,Calmed,Calmed,100,2033
1,27544,767,0,5,Calmed,Calmed,100,2034
1,27547,767,0,5,Calmed,Calmed,100,2035
1,27556,767,0,5,Calmed,Calmed,100,2036
1,27558,767,0,5,Calmed,Calmed,100,2037
1,27561,767,0,5,Calmed,Calmed,100,2038
1,27563,767,0,5,Calmed,Calmed,100,2039
1,27572,767,0,5,Calmed,Calmed,100,2040
1,27575,767,0,5,Calmed,Calmed,100,2041
1,27578,767,0,5,Calmed,Calmed,100,2042
1,27580,767,0,5,Calmed,Calmed,100,2043
1,27589,767,0,5,Calmed,Calmed,100,2044
1,27592,767,0,5,Calmed,Calmed,100,2045
1,27594,767,0,5,Calmed,Calmed,100,2046
1,27596,767,0,5,Calmed,Calmed,100,2047
1,27606,767,0,5,Calmed,Calmed,100,2048
1,27608,767,0,5,Calmed,Calmed,100,2049
1,27611,767,0,5,Calmed,Calmed,100,2050
1,27613,767,0,5,Calmed,Calmed,100,2051
1,27622,767,0,5,Calmed,Calmed,100,2052
1,27625,767,0,5,Calmed,Calmed,100,2053
1,27628,767,0,5,Calmed,Calmed,100,2054
1,27630,767,0,5,Calmed,Calmed,100,2055
1,27639,767,0,5,Calmed,Calmed,100,2056
1,27642,767,0,5,Calmed,Calmed,100,2057
1,27644,767,0,5,Calmed,Calmed,100,2058
1,27647,767,0,5,Calmed,Calmed,100,2059
1,27656,767,0,5,Calmed,Calmed,100,2060
1,27658,767,0,5,Calmed,Calmed,100,2061
1,27661,767,0,5,Calmed,Calmed,100,2062
1,27663,767,0,5,Calmed,Calmed,100,2063
1,27672,767,0,5,Calmed,Calmed,100,2064
1,27675,767,0,5,Calmed,Calmed,100,2065
1,27677,767,0,5,Calmed,Calmed,100,2066
1,27680,767,0,5,Calmed,Calmed,100,2067
1,27689,767,0,5,Calmed,Calmed,100,2068
1,27692,767,0,5,Calmed,Calmed,100,2069
1,27694,767,0,5,Calmed,Calmed,100,2070
1,27697,767,0,5,Calmed,Calmed,100,2071
1,27706,767,0,5,Calmed,Calmed,100,2072
1,27708,767,0,5,Calmed,Calmed,100,2073
1,27711,767,0,5,Calmed,Calmed,100,2074
1,27713,767,0,5,Calmed,Calmed,100,2075
1,27722,767,0,5,Calmed,Calmed,100,2076
1,27725,767,0,5,Calmed,Calmed,100,2077
1,27727,767,0,5,Calmed,Calmed,100,2078
1,27730,767,0,5,Calmed,Calmed,100,2079
1,27739,767,0,5,Calmed,Calmed,100,2080
1,27742,767,0,5,Calmed,Calmed,100,2081
1,27744,767,0,5,Calmed,Calmed,100,2082
1,27746,767,0,5,Calmed,Calmed,100,2083
1,27756,767,0,5,Calmed,Calmed,100,2084
1,27758,767,0,5,Calmed,Calmed,100,2085
1,27761,767,0,5,Calmed,Calmed,100,2086
1,27763,767,0,5,Calmed,Calmed,100,2087
1,27772,767,0,5,Calmed,Calmed,100,2088
1,27775,767,0,5,Calmed,Calmed,100,2089
1,27778,767,0,5,Calmed,Calmed,100,2090
1,27780,767,0,5,Calmed,Calmed,100,2091
1,27789,767,0,5,Calmed,Calmed,100,2092
1,27791,767,0,5,Calmed,Calmed,100,2093
1,27794,767,0,5,Calmed,Calmed,100,2094
1,27796,767,0,5,Calmed,Calmed,100,2095
1,27806,767,0,5,Calmed,Calmed,100,2096
1,27808,767,0,5,Calmed,Calmed,100,2097
1,27810,767,0,5,Calmed,Calmed,100,2098
1,27813,767,0,5,Calmed,Calmed,100,2099
1,27822,767,0,5,Calmed,Calmed,100,2100
1,27825,767,0,5,Calmed,Calmed,100,2101
1,27827,767,0,5,Calmed,Calmed,100,2102
1,27830,767,0,5,Calmed,Calmed,100,2103
1,27839,767,0,5,Calmed,Calmed,100,2104
1,27842,767,0,5,Calmed,Calmed,100,2105
1,27844,767,0,5,Calmed,Calmed,100,2106
1,27847,767,0,5,Calmed,Calmed,100,2107
1,27856,767,0,5,Calmed,Calmed,100,2108
1,27858,767,0,5,Calmed,Calmed,100,2109
1,27861,767,0,5,Calmed,Calmed,100,2110
1,27863,767,0,5,Calmed,Calmed,100,2111
1,27872,767,0,5,Calmed,Calmed,100,2112
1,27875,767,0,5,Calmed,Calmed,100,2113
1,27877,767,0,5,Calmed,Calmed,100,2114
1,27880,767,0,5,Calmed,Calmed,100,2115
1,27889,767,0,5,Calmed,Calmed,100,2116
1,27891,767,0,5,Calmed,Calmed,100,2117
1,27894,767,0,5,Calmed,Calmed,100,2118
1,27896,767,0,5,Calmed,Calmed,100,2119
1,27906,767,0,5,Calmed,Calmed,100,2120
1,27909,767,0,5,Calmed,Calmed,100,2121
1,27911,767,0,5,Calmed,Calmed,100,2122
1,27914,767,0,5,Calmed,Calmed,100,2123
1,27923,767,0,5,Calmed,Calmed,100,2124
1,27925,767,0,5,Calmed,Calmed,100,2125
1,27928,767,0,5,Calmed,Calmed,100,2126
1,27930,767,0,5,Calmed,Calmed,100,2127
1,27939,767,0,5,Calmed,Calmed,100,2128
1,27942,767,0,5,Calmed,Calmed,100,2129
1,27944,767,0,5,Calmed,Calmed,100,2130
1,27947,767,0,5,Calmed,Calmed,100,2131
1,27956,767,0,5,Calmed,Calmed,100,2132
1,27958,767,0,5,Calmed,Calmed,100,2133
1,27961,767,0,5,Calmed,Calmed,100,2134
1,27963,767,0,5,Calmed,Calmed,100,2135
1,27972,767,0,5,Calmed,Calmed,100,2136
1,27975,767,0,5,Calmed,Calmed,100,2137
1,27978,767,0,5,Calmed,Calmed,100,2138
1,27980,767,0,5,Calmed,Calmed,100,2139
1,27989,767,0,5,Calmed,Calmed,100,2140
1,27992,767,0,5,Calmed,Calmed,100,2141
1,27994,767,0,5,Calmed,Calmed,100,2142
1,27996,767,0,5,Calmed,Calmed,100,2143
1,28006,767,0,5,Calmed,Calmed,100,2144
1,28008,767,0,5,Calmed,Calmed,100,2145
1,28011,767,0,5,Calmed,Calmed,100,2146
1,28013,767,0,5,Calmed,Calmed,100,2147
1,28022,767,0,5,Calmed,Calmed,100,2148
1,28025,767,0,5,Calmed,Calmed,100,2149
1,28027,767,0,5,Calmed,Calmed,100,2150
1,28030,767,0,5,Calmed,Calmed,100,2151
1,28039,767,0,5,Calmed,Calmed,100,2152
1,28042,767,0,5,Calmed,Calmed,100,2153
1,28044,767,0,5,Calmed,Calmed,100,2154
1,28046,767,0,5,Calmed,Calmed,100,2155
1,28056,767,0,5,Calmed,Calmed,100,2156
1,28058,767,0,5,Calmed,Calmed,100,2157
1,28061,767,0,5,Calmed,Calmed,100,2158
1,28063,767,0,5,Calmed,Calmed,100,2159
1,28072,767,0,5,Calmed,Calmed,100,2160
1,28075,767,0,5,Calmed,Calmed,100,2161
1,28078,767,0,5,Calmed,Calmed,100,2162
1,28080,767,0,5,Calmed,Calmed,100,2163
1,28089,767,0,5,Calmed,Calmed,100,2164
1,28092,767,0,5,Calmed,Calmed,100,2165
1,28094,767,0,5,Calmed,Calmed,100,2166
1,28097,767,0,5,Calmed,Calmed,100,2167
1,28106,767,0,5,Calmed,Calmed,100,2168
1,28109,767,0,5,Calmed,Calmed,100,2169
1,28111,767,0,5,Calmed,Calmed,100,2170
1,28113,767,0,5,Calmed,Calmed,100,2171
1,28123,767,0,5,Calmed,Calmed,100,2172
1,28125,767,0,5,Calmed,Calmed,100,2173
1,28128,767,0,5,Calmed,Calmed,100,2174
1,28130,767,0,5,Calmed,Calmed,100,2175
1,28139,767,0,5,Calmed,Calmed,100,2176
1,28142,767,0,5,Calmed,Calmed,100,2177
1,28144,767,0,5,Calmed,Calmed,100,2178
1,28146,767,0,5,Calmed,Calmed,100,2179
1,28156,767,0,5,Calmed,Calmed,100,2180
1,28158,767,0,5,Calmed,Calmed,100,2181
1,28161,767,0,5,Calmed,Calmed,100,2182
1,28163,767,0,5,Calmed,Calmed,100,2183
1,28172,767,0,5,Calmed,Calmed,100,2184
1,28175,767,0,5,Calmed,Calmed,100,2185
1,28178,767,0,5,Calmed,Calmed,100,2186
1,28180,767,0,5,Calmed,Calmed,100,2187
1,28189,767,0,5,Calmed,Calmed,100,2188
1,28192,767,0,5,Calmed,Calmed,100,2189
1,28194,767,0,5,Calmed,Calmed,100,2190
1,28197,767,0,5,Calmed,Calmed,100,2191
1,28206,767,0,5,Calmed,Calmed,100,2192
1,28208,767,0,5,Calmed,Calmed,100,2193
1,28211,767,0,5,Calmed,Calmed,100,2194
1,28213,767,0,5,Calmed,Calmed,100,2195
1,28222,767,0,5,Calmed,Calmed,100,2196
1,28225,767,0,5,Calmed,Calmed,100,2197
1,28227,767,0,5,Calmed,Calmed,100,2198
1,28230,767,0,5,Calmed,Calmed,100,2199
1,28239,767,0,5,Calmed,Calmed,100,2200
1,28241,767,0,5,Calmed,Calmed,100,2201
1,28244,767,0,5,Calmed,Calmed,100,2202
1,28246,767,0,5,Calmed,Calmed,100,2203
1,28256,767,0,5,Calmed,Calmed,100,2204
1,28258,767,0,5,Calmed,Calmed,100,2205
1,28261,767,0,5,Calmed,Calmed,100,2206
1,28263,767,0,5,Calmed,Calmed,100,2207
1,28272,767,0,5,Calmed,Calmed,100,2208
1,28275,767,0,5,Calmed,Calmed,100,2209
1,28277,767,0,5,Calmed,Calmed,100,2210
1,28280,767,0,5,Calmed,Calmed,100,2211
1,28289,767,0,5,Calmed,Calmed,100,2212
1,28292,767,0,5,Calmed,Calmed,100,2213
1,28294,767,0,5,Calmed,Calmed,100,2214
1,28296,767,0,5,Calmed,Calmed,100,2215
1,28306,767,0,5,Calmed,Calmed,100,2216
1,28308,767,0,5,Calmed,Calmed,100,2217
1,28311,767,0,5,Calmed,Calmed,100,2218
1,28313,767,0,5,Calmed,Calmed,100,2219
1,28322,767,0,5,Calmed,Calmed,100,2220
1,28325,767,0,5,Calmed,Calmed,100,2221
1,28328,767,0,5,Calmed,Calmed,100,2222
1,28330,767,0,5,Calmed,Calmed,100,2223
1,28339,767,0,5,Calmed,Calmed,100,2224
1,28342,767,0,5,Calmed,Calmed,100,2225
1,28344,767,0,5,Calmed,Calmed,100,2226
1,28347,767,0,5,Calmed,Calmed,100,2227
1,28356,767,0,5,Calmed,Calmed,100,2228
1,28358,767,0,5,Calmed,Calmed,100,2229
1,28361,767,0,5,Calmed,Calmed,100,2230
1,28363,767,0,5,Calmed,Calmed,100,2231
1,28372,767,0,5,Calmed,Calmed,100,2232
1,28375,767,0,5,Calmed,Calmed,100,2233
1,28377,767,0,5,Calmed,Calmed,100,2234
1,28380,767,0,5,Calmed,Calmed,100,2235
1,28389,767,0,5,Calmed,Calmed,100,2236
1,28392,767,0,5,Calmed,Calmed,100,2237
1,28394,767,0,5,Calmed,Calmed,100,2238
1,28396,767,0,5,Calmed,Calmed,100,2239
1,28406,767,0,5,Calmed,Calmed,100,2240
1,28408,767,0,5,Calmed,Calmed,100,2241
1,28411,767,0,5,Calmed,Calmed,100,2242
1,28413,767,0,5,Calmed,Calmed,100,2243
1,28422,767,0,5,Calmed,Calmed,100,2244
1,28425,767,0,5,Calmed,Calmed,100,2245
1,28427,767,0,5,Calmed,Calmed,100,2246
1,28430,767,0,5,Calmed,Calmed,100,2247
1,28439,767,0,5,Calmed,Calmed,100,2248
1,28442,767,0,5,Calmed,Calmed,100,2249
1,28444,767,0,5,Calmed,Calmed,100,2250
1,28446,767,0,5,Calmed,Calmed,100,2251
1,28456,767,0,5,Calmed,Calmed,100,2252
1,28458,767,0,5,Calmed,Calmed,100,2253
1,28461,767,0,5,Calmed,Calmed,100,2254
1,28463,767,0,5,Calmed,Calmed,100,2255
1,28472,767,0,5,Calmed,Calmed,100,2256
1,28475,767,0,5,Calmed,Calmed,100,2257
1,28477,767,0,5,Calmed,Calmed,100,2258
1,28480,767,0,5,Calmed,Calmed,100,2259
1,28489,767,0,5,Calmed,Calmed,100,2260
1,28492,767,0,5,Calmed,Calmed,100,2261
1,28494,767,0,5,Calmed,Calmed,100,2262
1,28497,767,0,5,Calmed,Calmed,100,2263
1,28506,767,0,5,Calmed,Calmed,100,2264
1,28508,767,0,5,Calmed,Calmed,100,2265
1,28511,767,0,5,Calmed,Calmed,100,2266
1,28513,767,0,5,Calmed,Calmed,100,2267
1,28523,767,0,5,Calmed,Calmed,100,2268
1,28525,767,0,5,Calmed,Calmed,100,2269
1,28528,767,0,5,Calmed,Calmed,100,2270
1,28530,767,0,5,Calmed,Calmed,100,2271
1,28539,767,0,5,Calmed,Calmed,100,2272
1,28542,767,0,5,Calmed,Calmed,100,2273
1,28544,767,0,5,Calmed,Calmed,100,2274
1,28547,767,0,5,Calmed,Calmed,100,2275
1,28556,767,0,5,Calmed,Calmed,100,2276
1,28558,767,0,5,Calmed,Calmed,100,2277
1,28561,767,0,5,Calmed,Calmed,100,2278
1,28563,767,0,5,Calmed,Calmed,100,2279
1,28572,767,0,5,Calmed,Calmed,100,2280
1,28575,767,0,5,Calmed,Calmed,100,2281
1,28577,767,0,5,Calmed,Calmed,100,2282
1,28580,767,0,5,Calmed,Calmed,100,2283
1,28589,767,0,5,Calmed,Calmed,100,2284
1,28592,767,0,5,Calmed,Calmed,100,2285
1,28594,767,0,5,Calmed,Calmed,100,2286
1,28596,767,0,5,Calmed,Calmed,100,2287
1,28606,767,0,5,Calmed,Calmed,100,2288
1,28608,767,0,5,Calmed,Calmed,100,2289
1,28611,767,0,5,Calmed,Calmed,100,2290
1,28613,767,0,5,Calmed,Calmed,100,2291
1,28622,767,0,5,Calmed,Calmed,100,2292
1,28625,767,0,5,Calmed,Calmed,100,2293
1,28627,767,0,5,Calmed,Calmed,100,2294
1,28630,767,0,5,Calmed,Calmed,100,2295
1,28639,767,0,5,Calmed,Calmed,100,2296
1,28642,767,0,5,Calmed,Calmed,100,2297
1,28644,767,0,5,Calmed,Calmed,100,2298
1,28647,767,0,5,Calmed,Calmed,100,2299
1,28656,767,0,5,Calmed,Calmed,100,2300
1,28658,767,0,5,Calmed,Calmed,100,2301
1,28661,767,0,5,Calmed,Calmed,100,2302
1,28663,767,0,5,Calmed,Calmed,100,2303
1,28672,767,0,5,Calmed,Calmed,100,2304
1,28675,767,0,5,Calmed,Calmed,100,2305
1,28677,767,0,5,Calmed,Calmed,100,2306
1,28680,767,0,5,Calmed,Calmed,100,2307
1,28689,767,0,5,Calmed,Calmed,100,2308
1,28692,767,0,5,Calmed,Calmed,100,2309
1,28694,767,0,5,Calmed,Calmed,100,2310
1,28697,767,0,5,Calmed,Calmed,100,2311
1,28706,767,0,5,Calmed,Calmed,100,2312
1,28708,767,0,5,Calmed,Calmed,100,2313
1,28711,767,0,5,Calmed,Calmed,100,2314
1,28713,767,0,5,Calmed,Calmed,100,2315
1,28722,767,0,5,Calmed,Calmed,100,2316
1,28725,767,0,5,Calmed,Calmed,100,2317
1,28727,767,0,5,Calmed,Calmed,100,2318
1,28729,767,0,5,Calmed,Calmed,100,2319
1,28739,767,0,5,Calmed,Calmed,100,2320
1,28742,767,0,5,Calmed,Calmed,100,2321
1,28744,767,0,5,Calmed,Calmed,100,2322
1,28747,767,0,5,Calmed,Calmed,100,2323
1,28756,767,0,5,Calmed,Calmed,100,2324
1,28758,767,0,5,Calmed,Calmed,100,2325
1,28761,767,0,5,Calmed,Calmed,100,2326
1,28763,767,0,5,Calmed,Calmed,100,2327
1,28772,767,0,5,Calmed,Calmed,100,2328
1,28775,767,0,5,Calmed,Calmed,100,2329
1,28777,767,0,5,Calmed,Calmed,100,2330
1,28780,767,0,5,Calmed,Calmed,100,2331
1,28789,767,0,5,Calmed,Calmed,100,2332
1,28792,767,0,5,Calmed,Calmed,100,2333
1,28794,767,0,5,Calmed,Calmed,100,2334
1,28796,767,0,5,Calmed,Calmed,100,2335
1,28806,767,0,5,Calmed,Calmed,100,2336
1,28808,767,0,5,Calmed,Calmed,100,2337
1,28811,767,0,5,Calmed,Calmed,100,2338
1,28813,767,0,5,Calmed,Calmed,100,2339
1,28822,767,0,5,Calmed,Calmed,100,2340
1,28825,767,0,5,Calmed,Calmed,100,2341
1,28827,767,0,5,Calmed,Calmed,100,2342
1,28830,767,0,5,Calmed,Calmed,100,2343
1,28839,767,0,5,Calmed,Calmed,100,2344
1,28842,767,0,5,Calmed,Calmed,100,2345
1,28844,767,0,5,Calmed,Calmed,100,2346
1,28847,767,0,5,Calmed,Calmed,100,2347
1,28856,767,0,5,Calmed,Calmed,100,2348
1,28858,767,0,5,Calmed,Calmed,100,2349
1,28861,767,0,5,Calmed,Calmed,100,2350
1,28863,767,0,5,Calmed,Calmed,100,2351
1,28872,767,0,5,Calmed,Calmed,100,2352
1,28875,767,0,5,Calmed,Calmed,100,2353
1,28877,767,0,5,Calmed,Calmed,100,2354
1,28880,767,0,5,Calmed,Calmed,100,2355
1,28889,767,0,5,Calmed,Calmed,100,2356
1,28892,767,0,5,Calmed,Calmed,100,2357
1,28894,767,0,5,Calmed,Calmed,100,2358
1,28897,767,0,5,Calmed,Calmed,100,2359
1,28906,767,0,5,Calmed,Calmed,100,2360
1,28908,767,0,5,Calmed,Calmed,100,2361
1,28911,767,0,5,Calmed,Calmed,100,2362
1,28913,767,0,5,Calmed,Calmed,100,2363
1,28922,767,0,5,Calmed,Calmed,100,2364
1,28925,767,0,5,Calmed,Calmed,100,2365
1,28928,767,0,5,Calmed,Calmed,100,2366
1,28930,767,0,5,Calmed,Calmed,100,2367
1,28939,767,0,5,Calmed,Calmed,100,2368
1,28942,767,0,5,Calmed,Calmed,100,2369
1,28944,767,0,5,Calmed,Calmed,100,2370
1,28947,767,0,5,Calmed,Calmed,100,2371
1,28956,767,0,5,Calmed,Calmed,100,2372
1,28958,767,0,5,Calmed,Calmed,100,2373
1,28961,767,0,5,Calmed,Calmed,100,2374
1,28963,767,0,5,Calmed,Calmed,100,2375
1,28972,767,0,5,Calmed,Calmed,100,2376
1,28975,767,0,5,Calmed,Calmed,100,2377
1,28978,767,0,5,Calmed,Calmed,100,2378
1,28980,767,0,5,Calmed,Calmed,100,2379
1,28989,767,0,5,Calmed,Calmed,100,2380
1,28992,767,0,5,Calmed,Calmed,100,2381
1,28994,767,0,5,Calmed,Calmed,100,2382
1,28996,767,0,5,Calmed,Calmed,100,2383
1,29006,767,0,5,Calmed,Calmed,100,2384
1,29008,767,0,5,Calmed,Calmed,100,2385
1,29011,767,0,5,Calmed,Calmed,100,2386
1,29013,767,0,5,Calmed,Calmed,100,2387
1,29022,767,0,5,Calmed,Calmed,100,2388
1,29025,767,0,5,Calmed,Calmed,100,2389
1,29027,767,0,5,Calmed,Calmed,100,2390
1,29030,767,0,5,Calmed,Calmed,100,2391
1,29039,767,0,5,Calmed,Calmed,100,2392
1,29042,767,0,5,Calmed,Calmed,100,2393
1,29044,767,0,5,Calmed,Calmed,100,2394
1,29046,767,0,5,Calmed,Calmed,100,2395
1,29056,767,0,5,Calmed,Calmed,100,2396
1,29058,767,0,5,Calmed,Calmed,100,2397
1,29061,767,0,5,Calmed,Calmed,100,2398
1,29063,767,0,5,Calmed,Calmed,100,2399
1,29072,767,0,5,Calmed,Calmed,100,2400
1,29075,767,0,5,Calmed,Calmed,100,2401
1,29078,767,0,5,Calmed,Calmed,100,2402
1,29080,767,0,5,Calmed,Calmed,100,2403
1,29089,767,0,5,Calmed,Calmed,100,2404
1,29092,767,0,5,Calmed,Calmed,100,2405
1,29094,767,0,5,Calmed,Calmed,100,2406
1,29096,767,0,5,Calmed,Calmed,100,2407
1,29106,767,0,5,Calmed,Calmed,100,2408
1,29108,767,0,5,Calmed,Calmed,100,2409
1,29111,767,0,5,Calmed,Calmed,100,2410
1,29113,767,0,5,Calmed,Calmed,100,2411
1,29123,767,0,5,Calmed,Calmed,100,2412
1,29125,767,0,5,Calmed,Calmed,100,2413
1,29127,767,0,5,Calmed,Calmed,100,2414
1,29130,767,0,5,Calmed,Calmed,100,2415
1,29139,767,0,5,Calmed,Calmed,100,2416
1,29142,767,0,5,Calmed,Calmed,100,2417
1,29144,767,0,5,Calmed,Calmed,100,2418
1,29147,767,0,5,Calmed,Calmed,100,2419
1,29156,767,0,5,Calmed,Calmed,100,2420
1,29158,767,0,5,Calmed,Calmed,100,2421
1,29161,767,0,5,Calmed,Calmed,100,2422
1,29163,767,0,5,Calmed,Calmed,100,2423
1,29172,767,0,5,Calmed,Calmed,100,2424
1,29175,767,0,5,Calmed,Calmed,100,2425
1,29177,767,0,5,Calmed,Calmed,100,2426
1,29180,767,0,5,Calmed,Calmed,100,2427
1,29189,767,0,5,Calmed,Calmed,100,2428
1,29191,767,0,5,Calmed,Calmed,100,2429
1,29194,767,0,5,Calmed,Calmed,100,2430
1,29196,767,0,5,Calmed,Calmed,100,2431
1,29206,767,0,5,Calmed,Calmed,100,2432
1,29208,767,0,5,Calmed,Calmed,100,2433
1,29211,767,0,5,Calmed,Calmed,100,2434
1,29213,767,0,5,Calmed,Calmed,100,2435
1,29222,767,0,5,Calmed,Calmed,100,2436
1,29225,767,0,5,Calmed,Calmed,100,2437
1,29227,767,0,5,Calmed,Calmed,100,2438
1,29230,767,0,5,Calmed,Calmed,100,2439
1,29239,767,0,5,Calmed,Calmed,100,2440
1,29242,767,0,5,Calmed,Calmed,100,2441
1,29244,767,0,5,Calmed,Calmed,100,2442
1,29246,767,0,5,Calmed,Calmed,100,2443
1,29256,767,0,5,Calmed,Calmed,100,2444
1,29258,767,0,5,Calmed,Calmed,100,2445
1,29261,767,0,5,Calmed,Calmed,100,2446
1,29263,767,0,5,Calmed,Calmed,100,2447
1,29272,767,0,5,Calmed,Calmed,100,2448
1,29275,767,0,5,Calmed,Calmed,100,2449
1,29277,767,0,5,Calmed,Calmed,100,2450
1,29280,767,0,5,Calmed,Calmed,100,2451
1,29289,767,0,5,Calmed,Calmed,100,2452
1,29292,767,0,5,Calmed,Calmed,100,2453
1,29294,767,0,5,Calmed,Calmed,100,2454
1,29297,767,0,5,Calmed,Calmed,100,2455
1,29306,767,0,5,Calmed,Calmed,100,2456
1,29308,767,0,5,Calmed,Calmed,100,2457
1,29311,767,0,5,Calmed,Calmed,100,2458
1,29313,767,0,5,Calmed,Calmed,100,2459
1,29322,767,0,5,Calmed,Calmed,100,2460
1,29325,767,0,5,Calmed,Calmed,100,2461
1,29327,767,0,5,Calmed,Calmed,100,2462
1,29330,767,0,5,Calmed,Calmed,100,2463
1,29339,767,0,5,Calmed,Calmed,100,2464
1,29342,767,0,5,Calmed,Calmed,100,2465
1,29344,767,0,5,Calmed,Calmed,100,2466
1,29346,767,0,5,Calmed,Calmed,100,2467
1,29356,767,0,5,Calmed,Calmed,100,2468
1,29359,767,0,5,Calmed,Calmed,100,2469
1,29361,767,0,5,Calmed,Calmed,100,2470
1,29363,767,0,5,Calmed,Calmed,100,2471
1,29372,767,0,5,Calmed,Calmed,100,2472
1,29375,767,0,5,Calmed,Calmed,100,2473
1,29377,767,0,5,Calmed,Calmed,100,2474
1,29380,767,0,5,Calmed,Calmed,100,2475
1,29389,767,0,5,Calmed,Calmed,100,2476
1,29392,767,0,5,Calmed,Calmed,100,2477
1,29394,767,0,5,Calmed,Calmed,100,2478
1,29396,767,0,5,Calmed,Calmed,100,2479
1,29406,767,0,5,Calmed,Calmed,100,2480
1,29408,767,0,5,Calmed,Calmed,100,2481
1,29411,767,0,5,Calmed,Calmed,100,2482
1,29413,767,0,5,Calmed,Calmed,100,2483
1,29422,767,0,5,Calmed,Calmed,100,2484
1,29425,767,0,5,Calmed,Calmed,100,2485
1,29427,767,0,5,Calmed,Calmed,100,2486
1,29430,767,0,5,Calmed,Calmed,100,2487
1,29439,767,0,5,Calmed,Calmed,100,2488
1,29442,767,0,5,Calmed,Calmed,100,2489
1,29444,767,0,5,Calmed,Calmed,100,2490
1,29447,767,0,5,Calmed,Calmed,100,2491
1,29456,767,0,5,Calmed,Calmed,100,2492
1,29458,767,0,5,Calmed,Calmed,100,2493
1,29461,767,0,5,Calmed,Calmed,100,2494
1,29463,767,0,5,Calmed,Calmed,100,2495
1,29472,767,0,5,Calmed,Calmed,100,2496
1,29475,767,0,5,Calmed,Calmed,100,2497
1,29477,767,0,5,Calmed,Calmed,100,2498
1,29480,767,0,5,Calmed,Calmed,100,2499
1,29489,767,0,5,Calmed,Calmed,100,2500
1,29492,767,0,5,Calmed,Calmed,100,2501
1,29495,767,0,5,Calmed,Calmed,100,2502
1,29497,767,0,5,Calmed,Calmed,100,2503
1,29506,767,0,5,Calmed,Calmed,100,2504
1,29508,767,0,5,Calmed,Calmed,100,2505
1,29511,767,0,5,Calmed,Calmed,100,2506
1,29513,767,0,5,Calmed,Calmed,100,2507
1,29522,767,0,5,Calmed,Calmed,100,2508
1,29525,767,0,5,Calmed,Calmed,100,2509
1,29527,767,0,5,Calmed,Calmed,100,2510
1,29530,767,0,5,Calmed,Calmed,100,2511
1,29539,767,0,5,Calmed,Calmed,100,2512
1,29542,767,0,5,Calmed,Calmed,100,2513
1,29544,767,0,5,Calmed,Calmed,100,2514
1,29547,767,0,5,Calmed,Calmed,100,2515
1,29556,767,0,5,Calmed,Calmed,100,2516
1,29558,767,0,5,Calmed,Calmed,100,2517
1,29561,767,0,5,Calmed,Calmed,100,2518
1,29563,767,0,5,Calmed,Calmed,100,2519
1,29572,767,0,5,Calmed,Calmed,100,2520
1,29575,767,0,5,Calmed,Calmed,100,2521
1,29577,767,0,5,Calmed,Calmed,100,2522
1,29580,767,0,5,Calmed,Calmed,100,2523
1,29589,767,0,5,Calmed,Calmed,100,2524
1,29592,767,0,5,Calmed,Calmed,100,2525
1,29594,767,0,5,Calmed,Calmed,100,2526
1,29597,767,0,5,Calmed,Calmed,100,2527
1,29606,767,0,5,Calmed,Calmed,100,2528
1,29608,767,0,5,Calmed,Calmed,100,2529
1,29611,767,0,5,Calmed,Calmed,100,2530
1,29613,767,0,5,Calmed,Calmed,100,2531
1,29622,767,0,5,Calmed,Calmed,100,2532
1,29625,767,0,5,Calmed,Calmed,100,2533
1,29627,767,0,5,Calmed,Calmed,100,2534
1,29630,767,0,5,Calmed,Calmed,100,2535
1,29639,767,0,5,Calmed,Calmed,100,2536
1,29642,767,0,5,Calmed,Calmed,100,2537
1,29644,767,0,5,Calmed,Calmed,100,2538
1,29646,767,0,5,Calmed,Calmed,100,2539
1,29658,767,0,5,Calmed,Calmed,100,2540
1,29661,767,0,5,Calmed,Calmed,100,2541
1,29664,767,0,5,Calmed,Calmed,100,2542
1,29672,767,0,5,Calmed,Calmed,100,2543
1,29675,767,0,5,Calmed,Calmed,100,2544
1,29678,767,0,5,Calmed,Calmed,100,2545
1,29680,767,0,5,Calmed,Calmed,100,2546
1,29689,767,0,5,Calmed,Calmed,100,2547
1,29691,767,0,5,Calmed,Calmed,100,2548
1,29694,767,0,5,Calmed,Calmed,100,2549
1,29696,767,0,5,Calmed,Calmed,100,2550
1,29706,767,0,5,Calmed,Calmed,100,2551
1,29709,767,0,5,Calmed,Calmed,100,2552
1,29711,767,0,5,Calmed,Calmed,100,2553
1,29713,767,0,5,Calmed,Calmed,100,2554
1,29722,767,0,5,Calmed,Calmed,100,2555
1,29725,767,0,5,Calmed,Calmed,100,2556
1,29727,767,0,5,Calmed,Calmed,100,2557
1,29730,767,0,5,Calmed,Calmed,100,2558
1,29739,767,0,5,Calmed,Calmed,100,2559
1,29742,767,0,5,Calmed,Calmed,100,2560
1,29744,767,0,5,Calmed,Calmed,100,2561
1,29746,767,0,5,Calmed,Calmed,100,2562
1,29756,767,0,5,Calmed,Calmed,100,2563
1,29758,767,0,5,Calmed,Calmed,100,2564
1,29761,767,0,5,Calmed,Calmed,100,2565
1,29763,767,0,5,Calmed,Calmed,100,2566
1,29772,767,0,5,Calmed,Calmed,100,2567
1,29775,767,0,5,Calmed,Calmed,100,2568
1,29778,767,0,5,Calmed,Calmed,100,2569
1,29780,767,0,5,Calmed,Calmed,100,2570
1,29789,767,0,5,Calmed,Calmed,100,2571
1,29792,767,0,5,Calmed,Calmed,100,2572
1,29794,767,0,5,Calmed,Calmed,100,2573
1,29796,767,0,5,Calmed,Calmed,100,2574
1,29806,767,0,5,Calmed,Calmed,100,2575
1,29808,767,0,5,Calmed,Calmed,100,2576
1,29811,767,0,5,Calmed,Calmed,100,2577
1,29813,767,0,5,Calmed,Calmed,100,2578
1,29822,767,0,5,Calmed,Calmed,100,2579
1,29825,767,0,5,Calmed,Calmed,100,2580
1,29827,767,0,5,Calmed,Calmed,100,2581
1,29830,767,0,5,Calmed,Calmed,100,2582
1,29839,767,0,5,Calmed,Calmed,100,2583
1,29842,767,0,5,Calmed,Calmed,100,2584
1,29844,767,0,5,Calmed,Calmed,100,2585
1,29846,767,0,5,Calmed,Calmed,100,2586
1,29856,767,0,5,Calmed,Calmed,100,2587
1,29858,767,0,5,Calmed,Calmed,100,2588
1,29860,767,0,5,Calmed,Calmed,100,2589
1,29863,767,0,5,Calmed,Calmed,100,2590
1,29872,767,0,5,Calmed,Calmed,100,2591
1,29875,767,0,5,Calmed,Calmed,100,2592
1,29877,767,0,5,Calmed,Calmed,100,2593
1,29880,767,0,5,Calmed,Calmed,100,2594
1,29889,767,0,5,Calmed,Calmed,100,2595
1,29892,767,0,5,Calmed,Calmed,100,2596
1,29894,767,0,5,Calmed,Calmed,100,2597
1,29896,767,0,5,Calmed,Calmed,100,2598
1,29906,767,0,5,Calmed,Calmed,100,2599
1,29908,767,0,5,Calmed,Calmed,100,2600
1,29911,767,0,5,Calmed,Calmed,100,2601
1,29913,767,0,5,Calmed,Calmed,100,2602
1,29922,767,0,5,Calmed,Calmed,100,2603
1,29925,767,0,5,Calmed,Calmed,100,2604
1,29927,767,0,5,Calmed,Calmed,100,2605
1,29930,767,0,5,Calmed,Calmed,100,2606
1,29939,767,0,5,Calmed,Calmed,100,2607
1,29942,767,0,5,Calmed,Calmed,100,2608
1,29944,767,0,5,Calmed,Calmed,100,2609
1,29946,767,0,5,Calmed,Calmed,100,2610
1,29956,767,0,5,Calmed,Calmed,100,2611
1,29958,767,0,5,Calmed,Calmed,100,2612
1,29960,767,0,5,Calmed,Calmed,100,2613
1,29963,767,0,5,Calmed,Calmed,100,2614
1,29972,767,0,5,Calmed,Calmed,100,2615
1,29975,767,0,5,Calmed,Calmed,100,2616
1,29978,767,0,5,Calmed,Calmed,100,2617
1,29980,767,0,5,Calmed,Calmed,100,2618
1,29989,767,0,5,Calmed,Calmed,100,2619
1,29992,767,0,5,Calmed,Calmed,100,2620
1,29994,767,0,5,Calmed,Calmed,100,2621
1,29996,767,0,5,Calmed,Calmed,100,2622
1,30006,767,0,5,Calmed,Calmed,100,2623
1,30008,767,0,5,Calmed,Calmed,100,2624
1,30011,767,0,5,Calmed,Calmed,100,2625
1,30013,767,0,5,Calmed,Calmed,100,2626
1,30022,767,0,5,Calmed,Calmed,100,2627
1,30025,767,0,5,Calmed,Calmed,100,2628
1,30028,767,0,5,Calmed,Calmed,100,2629
1,30030,767,0,5,Calmed,Calmed,100,2630
1,30039,767,0,5,Calmed,Calmed,100,2631
1,30042,767,0,5,Calmed,Calmed,100,2632
1,30044,767,0,5,Calmed,Calmed,100,2633
1,30046,767,0,5,Calmed,Calmed,100,2634
1,30056,767,0,5,Calmed,Calmed,100,2635
1,30058,767,0,5,Calmed,Calmed,100,2636
1,30061,767,0,5,Calmed,Calmed,100,2637
1,30063,767,0,5,Calmed,Calmed,100,2638
1,30072,767,0,5,Calmed,Calmed,100,2639
1,30075,767,0,5,Calmed,Calmed,100,2640
1,30078,767,0,5,Calmed,Calmed,100,2641
1,30080,767,0,5,Calmed,Calmed,100,2642
1,30089,767,0,5,Calmed,Calmed,100,2643
1,30092,767,0,5,Calmed,Calmed,100,2644
1,30094,767,0,5,Calmed,Calmed,100,2645
1,30097,767,0,5,Calmed,Calmed,100,2646
1,30106,767,0,5,Calmed,Calmed,100,2647
1,30108,767,0,5,Calmed,Calmed,100,2648
1,30111,767,0,5,Calmed,Calmed,100,2649
1,30113,767,0,5,Calmed,Calmed,100,2650
1,30122,767,0,5,Calmed,Calmed,100,2651
1,30125,767,0,5,Calmed,Calmed,100,2652
1,30127,767,0,5,Calmed,Calmed,100,2653
1,30130,767,0,5,Calmed,Calmed,100,2654
1,30139,767,0,5,Calmed,Calmed,100,2655
1,30142,767,0,5,Calmed,Calmed,100,2656
1,30144,767,0,5,Calmed,Calmed,100,2657
1,30147,767,0,5,Calmed,Calmed,100,2658
1,30156,767,0,5,Calmed,Calmed,100,2659
1,30158,767,0,5,Calmed,Calmed,100,2660
1,30161,767,0,5,Calmed,Calmed,100,2661
1,30163,767,0,5,Calmed,Calmed,100,2662
1,30172,767,0,5,Calmed,Calmed,100,2663
1,30175,767,0,5,Calmed,Calmed,100,2664
1,30177,767,0,5,Calmed,Calmed,100,2665
1,30180,767,0,5,Calmed,Calmed,100,2666
1,30189,767,0,5,Calmed,Calmed,100,2667
1,30192,767,0,5,Calmed,Calmed,100,2668
1,30194,767,0,5,Calmed,Calmed,100,2669
1,30197,767,0,5,Calmed,Calmed,100,2670
1,30206,767,0,5,Calmed,Calmed,100,2671
1,30208,767,0,5,Calmed,Calmed,100,2672
1,30211,767,0,5,Calmed,Calmed,100,2673
1,30213,767,0,5,Calmed,Calmed,100,2674
1,30222,767,0,5,Calmed,Calmed,100,2675
1,30225,767,0,5,Calmed,Calmed,100,2676
1,30227,767,0,5,Calmed,Calmed,100,2677
1,30230,767,0,5,Calmed,Calmed,100,2678
1,30239,767,0,5,Calmed,Calmed,100,2679
1,30242,767,0,5,Calmed,Calmed,100,2680
1,30244,767,0,5,Calmed,Calmed,100,2681
1,30247,767,0,5,Calmed,Calmed,100,2682
1,30256,767,0,5,Calmed,Calmed,100,2683
1,30258,767,0,5,Calmed,Calmed,100,2684
1,30261,767,0,5,Calmed,Calmed,100,2685
1,30263,767,0,5,Calmed,Calmed,100,2686
1,30272,767,0,5,Calmed,Calmed,100,2687
1,30275,767,0,5,Calmed,Calmed,100,2688
1,30277,767,0,5,Calmed,Calmed,100,2689
1,30280,767,0,5,Calmed,Calmed,100,2690
1,30289,767,0,5,Calmed,Calmed,100,2691
1,30291,767,0,5,Calmed,Calmed,100,2692
1,30294,767,0,5,Calmed,Calmed,100,2693
1,30296,767,0,5,Calmed,Calmed,100,2694
1,30305,767,0,5,Calmed,Calmed,100,2695
1,30308,767,0,5,Calmed,Calmed,100,2696
1,30311,767,0,5,Calmed,Calmed,100,2697
1,30313,767,0,5,Calmed,Calmed,100,2698
1,30322,767,0,5,Calmed,Calmed,100,2699
1,30325,767,0,5,Calmed,Calmed,100,2700
1,30327,767,0,5,Calmed,Calmed,100,2701
1,30329,767,0,5,Calmed,Calmed,100,2702
1,30339,767,0,5,Calmed,Calmed,100,2703
1,30342,767,0,5,Calmed,Calmed,100,2704
1,30344,767,0,5,Calmed,Calmed,100,2705
1,30347,767,0,5,Calmed,Calmed,100,2706
1,30356,767,0,5,Calmed,Calmed,100,2707
1,30358,767,0,5,Calmed,Calmed,100,2708
1,30361,767,0,5,Calmed,Calmed,100,2709
1,30363,767,0,5,Calmed,Calmed,100,2710
1,30372,767,0,5,Calmed,Calmed,100,2711
1,30375,767,0,5,Calmed,Calmed,100,2712
1,30377,767,0,5,Calmed,Calmed,100,2713
1,30380,767,0,5,Calmed,Calmed,100,2714
1,30389,767,0,5,Calmed,Calmed,100,2715
1,30392,767,0,5,Calmed,Calmed,100,2716
1,30394,767,0,5,Calmed,Calmed,100,2717
1,30397,767,0,5,Calmed,Calmed,100,2718
1,30406,767,0,5,Calmed,Calmed,100,2719
1,30408,767,0,5,Calmed,Calmed,100,2720
1,30411,767,0,5,Calmed,Calmed,100,2721
1,30413,767,0,5,Calmed,Calmed,100,2722
1,30422,767,0,5,Calmed,Calmed,100,2723
1,30425,767,0,5,Calmed,Calmed,100,2724
1,30427,767,0,5,Calmed,Calmed,100,2725
1,30429,767,0,5,Calmed,Calmed,100,2726
1,30439,767,0,5,Calmed,Calmed,100,2727
1,30442,767,0,5,Calmed,Calmed,100,2728
1,30444,767,0,5,Calmed,Calmed,100,2729
1,30447,767,0,5,Calmed,Calmed,100,2730
1,30456,767,0,5,Calmed,Calmed,100,2731
1,30458,767,0,5,Calmed,Calmed,100,2732
1,30461,767,0,5,Calmed,Calmed,100,2733
1,30463,767,0,5,Calmed,Calmed,100,2734
1,30472,767,0,5,Calmed,Calmed,100,2735
1,30475,767,0,5,Calmed,Calmed,100,2736
1,30477,767,0,5,Calmed,Calmed,100,2737
1,30480,767,0,5,Calmed,Calmed,100,2738
1,30489,767,0,5,Calmed,Calmed,100,2739
1,30492,767,0,5,Calmed,Calmed,100,2740
1,30494,767,0,5,Calmed,Calmed,100,2741
1,30496,767,0,5,Calmed,Calmed,100,2742
1,30506,767,0,5,Calmed,Calmed,100,2743
1,30508,767,0,5,Calmed,Calmed,100,2744
1,30511,767,0,5,Calmed,Calmed,100,2745
1,30513,767,0,5,Calmed,Calmed,100,2746
1,30522,767,0,5,Calmed,Calmed,100,2747
1,30525,767,0,5,Calmed,Calmed,100,2748
1,30527,767,0,5,Calmed,Calmed,100,2749
1,30530,767,0,5,Calmed,Calmed,100,2750
1,30539,767,0,5,Calmed,Calmed,100,2751
1,30542,767,0,5,Calmed,Calmed,100,2752
1,30544,767,0,5,Calmed,Calmed,100,2753
1,30546,767,0,5,Calmed,Calmed,100,2754
1,30556,767,0,5,Calmed,Calmed,100,2755
1,30558,767,0,5,Calmed,Calmed,100,2756
1,30561,767,0,5,Calmed,Calmed,100,2757
1,30563,767,0,5,Calmed,Calmed,100,2758
1,30572,767,0,5,Calmed,Calmed,100,2759
1,30575,767,0,5,Calmed,Calmed,100,2760
1,30578,767,0,5,Calmed,Calmed,100,2761
1,30580,767,0,5,Calmed,Calmed,100,2762
1,30589,767,0,5,Calmed,Calmed,100,2763
1,30592,767,0,5,Calmed,Calmed,100,2764
1,30594,767,0,5,Calmed,Calmed,100,2765
1,30596,767,0,5,Calmed,Calmed,100,2766
1,30606,767,0,5,Calmed,Calmed,100,2767
1,30608,767,0,5,Calmed,Calmed,100,2768
1,30611,767,0,5,Calmed,Calmed,100,2769
1,30613,767,0,5,Calmed,Calmed,100,2770
1,30622,767,0,5,Calmed,Calmed,100,2771
1,30625,767,0,5,Calmed,Calmed,100,2772
1,30627,767,0,5,Calmed,Calmed,100,2773
1,30630,767,0,5,Calmed,Calmed,100,2774
1,30639,767,0,5,Calmed,Calmed,100,2775
1,30642,767,0,5,Calmed,Calmed,100,2776
1,30644,767,0,5,Calmed,Calmed,100,2777
1,30646,767,0,5,Calmed,Calmed,100,2778
1,30656,767,0,5,Calmed,Calmed,100,2779
1,30658,767,0,5,Calmed,Calmed,100,2780
1,30661,767,0,5,Calmed,Calmed,100,2781
1,30663,767,0,5,Calmed,Calmed,100,2782
1,30672,767,0,5,Calmed,Calmed,100,2783
1,30675,767,0,5,Calmed,Calmed,100,2784
1,30677,767,0,5,Calmed,Calmed,100,2785
1,30680,767,0,5,Calmed,Calmed,100,2786
1,30689,767,0,5,Calmed,Calmed,100,2787
1,30692,767,0,5,Calmed,Calmed,100,2788
1,30694,767,0,5,Calmed,Calmed,100,2789
1,30697,767,0,5,Calmed,Calmed,100,2790
1,30706,767,0,5,Calmed,Calmed,100,2791
1,30708,767,0,5,Calmed,Calmed,100,2792
1,30711,767,0,5,Calmed,Calmed,100,2793
1,30713,767,0,5,Calmed,Calmed,100,2794
1,30722,767,0,5,Calmed,Calmed,100,2795
1,30725,767,0,5,Calmed,Calmed,100,2796
1,30727,767,0,5,Calmed,Calmed,100,2797
1,30730,767,0,5,Calmed,Calmed,100,2798
1,30739,767,0,5,Calmed,Calmed,100,2799
1,30742,767,0,5,Calmed,Calmed,100,2800
1,30744,767,0,5,Calmed,Calmed,100,2801
1,30746,767,0,5,Calmed,Calmed,100,2802
1,30756,767,0,5,Calmed,Calmed,100,2803
1,30758,767,0,5,Calmed,Calmed,100,2804
1,30761,767,0,5,Calmed,Calmed,100,2805
1,30763,767,0,5,Calmed,Calmed,100,2806
1,30772,767,0,5,Calmed,Calmed,100,2807
1,30775,767,0,5,Calmed,Calmed,100,2808
1,30777,767,0,5,Calmed,Calmed,100,2809
1,30780,767,0,5,Calmed,Calmed,100,2810
1,30789,767,0,5,Calmed,Calmed,100,2811
1,30792,767,0,5,Calmed,Calmed,100,2812
1,30794,767,0,5,Calmed,Calmed,100,2813
1,30797,767,0,5,Calmed,Calmed,100,2814
1,30806,767,0,5,Calmed,Calmed,100,2815
1,30808,767,0,5,Calmed,Calmed,100,2816
1,30811,767,0,5,Calmed,Calmed,100,2817
1,30813,767,0,5,Calmed,Calmed,100,2818
1,30822,767,0,5,Calmed,Calmed,100,2819
1,30825,767,0,5,Calmed,Calmed,100,2820
1,30828,767,0,5,Calmed,Calmed,100,2821
1,30830,767,0,5,Calmed,Calmed,100,2822
1,30839,767,0,5,Calmed,Calmed,100,2823
1,30842,767,0,5,Calmed,Calmed,100,2824
1,30844,767,0,5,Calmed,Calmed,100,2825
1,30846,767,0,5,Calmed,Calmed,100,2826
1,30856,767,0,5,Calmed,Calmed,100,2827
1,30858,767,0,5,Calmed,Calmed,100,2828
1,30861,767,0,5,Calmed,Calmed,100,2829
1,30863,767,0,5,Calmed,Calmed,100,2830
1,30872,767,0,5,Calmed,Calmed,100,2831
1,30875,767,0,5,Calmed,Calmed,100,2832
1,30877,767,0,5,Calmed,Calmed,100,2833
1,30880,767,0,5,Calmed,Calmed,100,2834
1,30889,767,0,5,Calmed,Calmed,100,2835
1,30891,767,0,5,Calmed,Calmed,100,2836
1,30894,767,0,5,Calmed,Calmed,100,2837
1,30896,767,0,5,Calmed,Calmed,100,2838
1,30906,767,0,5,Calmed,Calmed,100,2839
1,30908,767,0,5,Calmed,Calmed,100,2840
1,30911,767,0,5,Calmed,Calmed,100,2841
1,30913,767,0,5,Calmed,Calmed,100,2842
1,30922,767,0,5,Calmed,Calmed,100,2843
1,30925,767,0,5,Calmed,Calmed,100,2844
1,30927,767,0,5,Calmed,Calmed,100,2845
1,30930,767,0,5,Calmed,Calmed,100,2846
1,30939,767,0,5,Calmed,Calmed,100,2847
1,30942,767,0,5,Calmed,Calmed,100,2848
1,30944,767,0,5,Calmed,Calmed,100,2849
1,30946,767,0,5,Calmed,Calmed,100,2850
1,30956,767,0,5,Calmed,Calmed,100,2851
1,30958,767,0,5,Calmed,Calmed,100,2852
1,30961,767,0,5,Calmed,Calmed,100,2853
1,30963,767,0,5,Calmed,Calmed,100,2854
1,30972,767,0,5,Calmed,Calmed,100,2855
1,30975,767,0,5,Calmed,Calmed,100,2856
1,30978,767,0,5,Calmed,Calmed,100,2857
1,30980,767,0,5,Calmed,Calmed,100,2858
1,30989,767,0,5,Calmed,Calmed,100,2859
1,30991,767,0,5,Calmed,Calmed,100,2860
1,30994,767,0,5,Calmed,Calmed,100,2861
1,30996,767,0,5,Calmed,Calmed,100,2862
1,31006,767,0,5,Calmed,Calmed,100,2863
1,31008,767,0,5,Calmed,Calmed,100,2864
1,31011,767,0,5,Calmed,Calmed,100,2865
1,31013,767,0,5,Calmed,Calmed,100,2866
1,31022,767,0,5,Calmed,Calmed,100,2867
1,31025,767,0,5,Calmed,Calmed,100,2868
1,31028,767,0,5,Calmed,Calmed,100,2869
1,31030,767,0,5,Calmed,Calmed,100,2870
1,31039,767,0,5,Calmed,Calmed,100,2871
1,31042,767,0,5,Calmed,Calmed,100,2872
1,31044,767,0,5,Calmed,Calmed,100,2873
1,31046,767,0,5,Calmed,Calmed,100,2874
1,31056,767,0,5,Calmed,Calmed,100,2875
1,31058,767,0,5,Calmed,Calmed,100,2876
1,31061,767,0,5,Calmed,Calmed,100,2877
1,31063,767,0,5,Calmed,Calmed,100,2878
1,31073,767,0,5,Calmed,Calmed,100,2879
1,31075,767,0,5,Calmed,Calmed,100,2880
1,31078,767,0,5,Calmed,Calmed,100,2881
1,31080,767,0,5,Calmed,Calmed,100,2882
1,31089,767,0,5,Calmed,Calmed,100,2883
1,31092,767,0,5,Calmed,Calmed,100,2884
1,31094,767,0,5,Calmed,Calmed,100,2885
1,31096,767,0,5,Calmed,Calmed,100,2886
1,31106,767,0,5,Calmed,Calmed,100,2887
1,31108,767,0,5,Calmed,Calmed,100,2888
1,31111,767,0,5,Calmed,Calmed,100,2889
1,31113,767,0,5,Calmed,Calmed,100,2890
1,31122,767,0,5,Calmed,Calmed,100,2891
1,31125,767,0,5,Calmed,Calmed,100,2892
1,31127,767,0,5,Calmed,Calmed,100,2893
1,31130,767,0,5,Calmed,Calmed,100,2894
1,31139,767,0,5,Calmed,Calmed,100,2895
1,31141,767,0,5,Calmed,Calmed,100,2896
1,31144,767,0,5,Calmed,Calmed,100,2897
1,31146,767,0,5,Calmed,Calmed,100,2898
1,31156,767,0,5,Calmed,Calmed,100,2899
1,31158,767,0,5,Calmed,Calmed,100,2900
1,31161,767,0,5,Calmed,Calmed,100,2901
1,31163,767,0,5,Calmed,Calmed,100,2902
1,31172,767,0,5,Calmed,Calmed,100,2903
1,31175,767,0,5,Calmed,Calmed,100,2904
1,31177,767,0,5,Calmed,Calmed,100,2905
1,31180,767,0,5,Calmed,Calmed,100,2906
1,31189,767,0,5,Calmed,Calmed,100,2907
1,31192,767,0,5,Calmed,Calmed,100,2908
1,31194,767,0,5,Calmed,Calmed,100,2909
1,31196,767,0,5,Calmed,Calmed,100,2910
1,31206,767,0,5,Calmed,Calmed,100,2911
1,31208,767,0,5,Calmed,Calmed,100,2912
1,31210,767,0,5,Calmed,Calmed,100,2913
1,31213,767,0,5,Calmed,Calmed,100,2914
1,31222,767,0,5,Calmed,Calmed,100,2915
1,31225,767,0,5,Calmed,Calmed,100,2916
1,31228,767,0,5,Calmed,Calmed,100,2917
1,31230,767,0,5,Calmed,Calmed,100,2918
1,31239,767,0,5,Calmed,Calmed,100,2919
1,31242,767,0,5,Calmed,Calmed,100,2920
1,31244,767,0,5,Calmed,Calmed,100,2921
1,31246,767,0,5,Calmed,Calmed,100,2922
1,31256,767,0,5,Calmed,Calmed,100,2923
1,31258,767,0,5,Calmed,Calmed,100,2924
1,31261,767,0,5,Calmed,Calmed,100,2925
1,31263,767,0,5,Calmed,Calmed,100,2926
1,31272,767,0,5,Calmed,Calmed,100,2927
1,31275,767,0,5,Calmed,Calmed,100,2928
1,31277,767,0,5,Calmed,Calmed,100,2929
1,31280,767,0,5,Calmed,Calmed,100,2930
1,31289,767,0,5,Calmed,Calmed,100,2931
1,31292,767,0,5,Calmed,Calmed,100,2932
1,31294,767,0,5,Calmed,Calmed,100,2933
1,31296,767,0,5,Calmed,Calmed,100,2934
1,31306,767,0,5,Calmed,Calmed,100,2935
1,31308,767,0,5,Calmed,Calmed,100,2936
1,31311,767,0,5,Calmed,Calmed,100,2937
1,31313,767,0,5,Calmed,Calmed,100,2938
1,31322,767,0,5,Calmed,Calmed,100,2939
1,31325,767,0,5,Calmed,Calmed,100,2940
1,31327,767,0,5,Calmed,Calmed,100,2941
1,31330,767,0,5,Calmed,Calmed,100,2942
1,31339,767,0,5,Calmed,Calmed,100,2943
1,31342,767,0,5,Calmed,Calmed,100,2944
1,31344,767,0,5,Calmed,Calmed,100,2945
1,31346,767,0,5,Calmed,Calmed,100,2946
1,31356,767,0,5,Calmed,Calmed,100,2947
1,31358,767,0,5,Calmed,Calmed,100,2948
1,31361,767,0,5,Calmed,Calmed,100,2949
1,31363,767,0,5,Calmed,Calmed,100,2950
1,31372,767,0,5,Calmed,Calmed,100,2951
1,31375,767,0,5,Calmed,Calmed,100,2952
1,31377,767,0,5,Calmed,Calmed,100,2953
1,31380,767,0,5,Calmed,Calmed,100,2954
1,31389,767,0,5,Calmed,Calmed,100,2955
1,31392,767,0,5,Calmed,Calmed,100,2956
1,31394,767,0,5,Calmed,Calmed,100,2957
1,31396,767,0,5,Calmed,Calmed,100,2958
1,31406,767,0,5,Calmed,Calmed,100,2959
1,31408,767,0,5,Calmed,Calmed,100,2960
1,31411,767,0,5,Calmed,Calmed,100,2961
1,31413,767,0,5,Calmed,Calmed,100,2962
1,31422,767,0,5,Calmed,Calmed,100,2963
1,31425,767,0,5,Calmed,Calmed,100,2964
1,31427,767,0,5,Calmed,Calmed,100,2965
1,31430,767,0,5,Calmed,Calmed,100,2966
1,31439,767,0,5,Calmed,Calmed,100,2967
1,31442,767,0,5,Calmed,Calmed,100,2968
1,31445,767,0,5,Calmed,Calmed,100,2969
1,31447,767,0,5,Calmed,Calmed,100,2970
1,31456,767,0,5,Calmed,Calmed,100,2971
1,31458,767,0,5,Calmed,Calmed,100,2972
1,31461,767,0,5,Calmed,Calmed,100,2973
1,31463,767,0,5,Calmed,Calmed,100,2974
1,31472,767,0,5,Calmed,Calmed,100,2975
1,31475,767,0,5,Calmed,Calmed,100,2976
1,31477,767,0,5,Calmed,Calmed,100,2977
1,31480,767,0,5,Calmed,Calmed,100,2978
1,31489,767,0,5,Calmed,Calmed,100,2979
1,31492,767,0,5,Calmed,Calmed,100,2980
1,31494,767,0,5,Calmed,Calmed,100,2981
1,31496,767,0,5,Calmed,Calmed,100,2982
1,31506,767,0,5,Calmed,Calmed,100,2983
1,31508,767,0,5,Calmed,Calmed,100,2984
1,31511,767,0,5,Calmed,Calmed,100,2985
1,31513,767,0,5,Calmed,Calmed,100,2986
1,31522,767,0,5,Calmed,Calmed,100,2987
1,31525,767,0,5,Calmed,Calmed,100,2988
1,31527,767,0,5,Calmed,Calmed,100,2989
1,31530,767,0,5,Calmed,Calmed,100,2990
1,31539,767,0,5,Calmed,Calmed,100,2991
1,31541,767,0,5,Calmed,Calmed,100,2992
1,31544,767,0,5,Calmed,Calmed,100,2993
1,31546,767,0,5,Calmed,Calmed,100,2994
1,31556,767,0,5,Calmed,Calmed,100,2995
1,31558,767,0,5,Calmed,Calmed,100,2996
1,31561,767,0,5,Calmed,Calmed,100,2997
1,31563,767,0,5,Calmed,Calmed,100,2998
1,31572,767,0,5,Calmed,Calmed,100,2999
1,31575,767,0,5,Calmed,Calmed,100,3000
1,31577,767,0,5,Calmed,Calmed,100,3001
1,31580,767,0,5,Calmed,Calmed,100,3002
1,31589,767,0,5,Calmed,Calmed,100,3003
1,31591,767,0,5,Calmed,Calmed,100,3004
1,31594,767,0,5,Calmed,Calmed,100,3005
1,31596,767,0,5,Calmed,Calmed,100,3006
1,31606,767,0,5,Calmed,Calmed,100,3007
1,31608,767,0,5,Calmed,Calmed,100,3008
1,31611,767,0,5,Calmed,Calmed,100,3009
1,31613,767,0,5,Calmed,Calmed,100,3010
1,31622,767,0,5,Calmed,Calmed,100,3011
1,31625,767,0,5,Calmed,Calmed,100,3012
1,31627,767,0,5,Calmed,Calmed,100,3013
1,31630,767,0,5,Calmed,Calmed,100,3014
1,31639,767,0,5,Calmed,Calmed,100,3015
1,31642,767,0,5,Calmed,Calmed,100,3016
1,31644,767,0,5,Calmed,Calmed,100,3017
1,31647,767,0,5,Calmed,Calmed,100,3018
1,31656,767,0,5,Calmed,Calmed,100,3019
1,31658,767,0,5,Calmed,Calmed,100,3020
1,31661,767,0,5,Calmed,Calmed,100,3021
1,31663,767,0,5,Calmed,Calmed,100,3022
1,31672,767,0,5,Calmed,Calmed,100,3023
1,31675,767,0,5,Calmed,Calmed,100,3024
1,31678,767,0,5,Calmed,Calmed,100,3025
1,31680,767,0,5,Calmed,Calmed,100,3026
1,31689,767,0,5,Calmed,Calmed,100,3027
1,31692,767,0,5,Calmed,Calmed,100,3028
1,31694,767,0,5,Calmed,Calmed,100,3029
1,31696,767,0,5,Calmed,Calmed,100,3030
1,31706,767,0,5,Calmed,Calmed,100,3031
1,31708,767,0,5,Calmed,Calmed,100,3032
1,31711,767,0,5,Calmed,Calmed,100,3033
1,31713,767,0,5,Calmed,Calmed,100,3034
1,31722,767,0,5,Calmed,Calmed,100,3035
1,31725,767,0,5,Calmed,Calmed,100,3036
1,31727,767,0,5,Calmed,Calmed,100,3037
1,31730,767,0,5,Calmed,Calmed,100,3038
1,31739,767,0,5,Calmed,Calmed,100,3039
1,31741,767,0,5,Calmed,Calmed,100,3040
1,31744,767,0,5,Calmed,Calmed,100,3041
1,31746,767,0,5,Calmed,Calmed,100,3042
1,31756,767,0,5,Calmed,Calmed,100,3043
1,31758,767,0,5,Calmed,Calmed,100,3044
1,31760,767,0,5,Calmed,Calmed,100,3045
1,31763,767,0,5,Calmed,Calmed,100,3046
1,31772,767,0,5,Calmed,Calmed,100,3047
1,31775,767,0,5,Calmed,Calmed,100,3048
1,31777,767,0,5,Calmed,Calmed,100,3049
1,31780,767,0,5,Calmed,Calmed,100,3050
1,31789,767,0,5,Calmed,Calmed,100,3051
1,31792,767,0,5,Calmed,Calmed,100,3052
1,31794,767,0,5,Calmed,Calmed,100,3053
1,31796,767,0,5,Calmed,Calmed,100,3054
1,31806,767,0,5,Calmed,Calmed,100,3055
1,31808,767,0,5,Calmed,Calmed,100,3056
1,31811,767,0,5,Calmed,Calmed,100,3057
1,31813,767,0,5,Calmed,Calmed,100,3058
1,31822,767,0,5,Calmed,Calmed,100,3059
1,31825,767,0,5,Calmed,Calmed,100,3060
1,31827,767,0,5,Calmed,Calmed,100,3061
1,31830,767,0,5,Calmed,Calmed,100,3062
1,31839,767,0,5,Calmed,Calmed,100,3063
1,31842,767,0,5,Calmed,Calmed,100,3064
1,31844,767,0,5,Calmed,Calmed,100,3065
1,31846,767,0,5,Calmed,Calmed,100,3066
1,31856,767,0,5,Calmed,Calmed,100,3067
1,31858,767,0,5,Calmed,Calmed,100,3068
1,31861,767,0,5,Calmed,Calmed,100,3069
1,31863,767,0,5,Calmed,Calmed,100,3070
1,31872,767,0,5,Calmed,Calmed,100,3071
1,31875,767,0,5,Calmed,Calmed,100,3072
1,31877,767,0,5,Calmed,Calmed,100,3073
1,31880,767,0,5,Calmed,Calmed,100,3074
1,31889,767,0,5,Calmed,Calmed,100,3075
1,31892,767,0,5,Calmed,Calmed,100,3076
1,31894,767,0,5,Calmed,Calmed,100,3077
1,31896,767,0,5,Calmed,Calmed,100,3078
1,31906,767,0,5,Calmed,Calmed,100,3079
1,31908,767,0,5,Calmed,Calmed,100,3080
1,31911,767,0,5,Calmed,Calmed,100,3081
1,31913,767,0,5,Calmed,Calmed,100,3082
1,31922,767,0,5,Calmed,Calmed,100,3083
1,31925,767,0,5,Calmed,Calmed,100,3084
1,31927,767,0,5,Calmed,Calmed,100,3085
1,31930,767,0,5,Calmed,Calmed,100,3086
1,31939,767,0,5,Calmed,Calmed,100,3087
1,31942,767,0,5,Calmed,Calmed,100,3088
1,31944,767,0,5,Calmed,Calmed,100,3089
1,31946,767,0,5,Calmed,Calmed,100,3090
1,31956,767,0,5,Calmed,Calmed,100,3091
1,31958,767,0,5,Calmed,Calmed,100,3092
1,31961,767,0,5,Calmed,Calmed,100,3093
1,31963,767,0,5,Calmed,Calmed,100,3094
1,31972,767,0,5,Calmed,Calmed,100,3095
1,31975,767,0,5,Calmed,Calmed,100,3096
1,31977,767,0,5,Calmed,Calmed,100,3097
1,31980,767,0,5,Calmed,Calmed,100,3098
1,31989,767,0,5,Calmed,Calmed,100,3099
1,31992,767,0,5,Calmed,Calmed,100,3100
1,31994,767,0,5,Calmed,Calmed,100,3101
1,31996,767,0,5,Calmed,Calmed,100,3102
1,32006,767,0,5,Calmed,Calmed,100,3103
1,32008,767,0,5,Calmed,Calmed,100,3104
1,32011,767,0,5,Calmed,Calmed,100,3105
1,32013,767,0,5,Calmed,Calmed,100,3106
1,32022,767,0,5,Calmed,Calmed,100,3107
1,32025,767,0,5,Calmed,Calmed,100,3108
1,32027,767,0,5,Calmed,Calmed,100,3109
1,32030,767,0,5,Calmed,Calmed,100,3110
1,32039,767,0,5,Calmed,Calmed,100,3111
1,32041,767,0,5,Calmed,Calmed,100,3112
1,32044,767,0,5,Calmed,Calmed,100,3113
1,32046,767,0,5,Calmed,Calmed,100,3114
1,32056,767,0,5,Calmed,Calmed,100,3115
1,32058,767,0,5,Calmed,Calmed,100,3116
1,32061,767,0,5,Calmed,Calmed,100,3117
1,32063,767,0,5,Calmed,Calmed,100,3118
1,32072,767,0,5,Calmed,Calmed,100,3119
1,32075,767,0,5,Calmed,Calmed,100,3120
1,32078,767,0,5,Calmed,Calmed,100,3121
1,32080,767,0,5,Calmed,Calmed,100,3122
1,32089,767,0,5,Calmed,Calmed,100,3123
1,32092,767,0,5,Calmed,Calmed,100,3124
1,32094,767,0,5,Calmed,Calmed,100,3125
1,32097,767,0,5,Calmed,Calmed,100,3126
1,32106,767,0,5,Calmed,Calmed,100,3127
1,32108,767,0,5,Calmed,Calmed,100,3128
1,32111,767,0,5,Calmed,Calmed,100,3129
1,32113,767,0,5,Calmed,Calmed,100,3130
1,32122,767,0,5,Calmed,Calmed,100,3131
1,32125,767,0,5,Calmed,Calmed,100,3132
1,32127,767,0,5,Calmed,Calmed,100,3133
1,32130,767,0,5,Calmed,Calmed,100,3134
1,32139,767,0,5,Calmed,Calmed,100,3135
1,32142,767,0,5,Calmed,Calmed,100,3136
1,32144,767,0,5,Calmed,Calmed,100,3137
1,32147,767,0,5,Calmed,Calmed,100,3138
1,32156,767,0,5,Calmed,Calmed,100,3139
1,32158,767,0,5,Calmed,Calmed,100,3140
1,32161,767,0,5,Calmed,Calmed,100,3141
1,32163,767,0,5,Calmed,Calmed,100,3142
1,32172,767,0,5,Calmed,Calmed,100,3143
1,32175,767,0,5,Calmed,Calmed,100,3144
1,32177,767,0,5,Calmed,Calmed,100,3145
1,32180,767,0,5,Calmed,Calmed,100,3146
1,32189,767,0,5,Calmed,Calmed,100,3147
1,32192,767,0,5,Calmed,Calmed,100,3148
1,32194,767,0,5,Calmed,Calmed,100,3149
1,32197,767,0,5,Calmed,Calmed,100,3150
1,32206,767,0,5,Calmed,Calmed,100,3151
1,32208,767,0,5,Calmed,Calmed,100,3152
1,32211,767,0,5,Calmed,Calmed,100,3153
1,32213,767,0,5,Calmed,Calmed,100,3154
1,32222,767,0,5,Calmed,Calmed,100,3155
1,32225,767,0,5,Calmed,Calmed,100,3156
1,32227,767,0,5,Calmed,Calmed,100,3157
1,32230,767,0,5,Calmed,Calmed,100,3158
1,32239,767,0,5,Calmed,Calmed,100,3159
1,32242,767,0,5,Calmed,Calmed,100,3160
1,32244,767,0,5,Calmed,Calmed,100,3161
1,32247,767,0,5,Calmed,Calmed,100,3162
1,32256,767,0,5,Calmed,Calmed,100,3163
1,32258,767,0,5,Calmed,Calmed,100,3164
1,32260,767,0,5,Calmed,Calmed,100,3165
1,32263,767,0,5,Calmed,Calmed,100,3166
1,32272,767,0,5,Calmed,Calmed,100,3167
1,32275,767,0,5,Calmed,Calmed,100,3168
1,32277,767,0,5,Calmed,Calmed,100,3169
1,32280,767,0,5,Calmed,Calmed,100,3170
1,32289,767,0,5,Calmed,Calmed,100,3171
1,32292,767,0,5,Calmed,Calmed,100,3172
1,32294,767,0,5,Calmed,Calmed,100,3173
1,32296,767,0,5,Calmed,Calmed,100,3174
1,32306,767,0,5,Calmed,Calmed,100,3175
1,32308,767,0,5,Calmed,Calmed,100,3176
1,32310,767,0,5,Calmed,Calmed,100,3177
1,32313,767,0,5,Calmed,Calmed,100,3178
1,32322,767,0,5,Calmed,Calmed,100,3179
1,32325,767,0,5,Calmed,Calmed,100,3180
1,32327,767,0,5,Calmed,Calmed,100,3181
1,32329,767,0,5,Calmed,Calmed,100,3182
1,32339,767,0,5,Calmed,Calmed,100,3183
1,32342,767,0,5,Calmed,Calmed,100,3184
1,32344,767,0,5,Calmed,Calmed,100,3185
1,32347,767,0,5,Calmed,Calmed,100,3186
1,32356,767,0,5,Calmed,Calmed,100,3187
1,32358,767,0,5,Calmed,Calmed,100,3188
1,32360,767,0,5,Calmed,Calmed,100,3189
1,32363,767,0,5,Calmed,Calmed,100,3190
1,32372,767,0,5,Calmed,Calmed,100,3191
1,32375,767,0,5,Calmed,Calmed,100,3192
1,32377,767,0,5,Calmed,Calmed,100,3193
1,32379,767,0,5,Calmed,Calmed,100,3194
1,32389,767,0,5,Calmed,Calmed,100,3195
1,32392,767,0,5,Calmed,Calmed,100,3196
1,32394,767,0,5,Calmed,Calmed,100,3197
1,32396,767,0,5,Calmed,Calmed,100,3198
1,32406,767,0,5,Calmed,Calmed,100,3199
1,32408,767,0,5,Calmed,Calmed,100,3200
1,32411,767,0,5,Calmed,Calmed,100,3201
1,32413,767,0,5,Calmed,Calmed,100,3202
1,32422,767,0,5,Calmed,Calmed,100,3203
1,32425,767,0,5,Calmed,Calmed,100,3204
1,32427,767,0,5,Calmed,Calmed,100,3205
1,32429,767,0,5,Calmed,Calmed,100,3206
1,32439,767,0,5,Calmed,Calmed,100,3207
1,32442,767,0,5,Calmed,Calmed,100,3208
1,32444,767,0,5,Calmed,Calmed,100,3209
1,32447,767,0,5,Calmed,Calmed,100,3210
1,32456,767,0,5,Calmed,Calmed,100,3211
1,32458,767,0,5,Calmed,Calmed,100,3212
1,32460,767,0,5,Calmed,Calmed,100,3213
1,32463,767,0,5,Calmed,Calmed,100,3214
1,32472,767,0,5,Calmed,Calmed,100,3215
1,32475,767,0,5,Calmed,Calmed,100,3216
1,32478,767,0,5,Calmed,Calmed,100,3217
1,32480,767,0,5,Calmed,Calmed,100,3218
1,32489,767,0,5,Calmed,Calmed,100,3219
1,32492,767,0,5,Calmed,Calmed,100,3220
1,32494,767,0,5,Calmed,Calmed,100,3221
1,32496,767,0,5,Calmed,Calmed,100,3222
1,32506,767,0,5,Calmed,Calmed,100,3223
1,32508,767,0,5,Calmed,Calmed,100,3224
1,32511,767,0,5,Calmed,Calmed,100,3225
1,32513,767,0,5,Calmed,Calmed,100,3226
1,32522,767,0,5,Calmed,Calmed,100,3227
1,32525,767,0,5,Calmed,Calmed,100,3228
1,32527,767,0,5,Calmed,Calmed,100,3229
1,32530,767,0,5,Calmed,Calmed,100,3230
1,32539,767,0,5,Calmed,Calmed,100,3231
1,32542,767,0,5,Calmed,Calmed,100,3232
1,32544,767,0,5,Calmed,Calmed,100,3233
1,32546,767,0,5,Calmed,Calmed,100,3234
1,32556,767,0,5,Calmed,Calmed,100,3235
1,32558,767,0,5,Calmed,Calmed,100,3236
1,32561,767,0,5,Calmed,Calmed,100,3237
1,32563,767,0,5,Calmed,Calmed,100,3238
1,32572,767,0,5,Calmed,Calmed,100,3239
1,32575,767,0,5,Calmed,Calmed,100,3240
1,32577,767,0,5,Calmed,Calmed,100,3241
1,32580,767,0,5,Calmed,Calmed,100,3242
1,32589,767,0,5,Calmed,Calmed,100,3243
1,32591,767,0,5,Calmed,Calmed,100,3244
1,32594,767,0,5,Calmed,Calmed,100,3245
1,32596,767,0,5,Calmed,Calmed,100,3246
1,32606,767,0,5,Calmed,Calmed,100,3247
1,32608,767,0,5,Calmed,Calmed,100,3248
1,32611,767,0,5,Calmed,Calmed,100,3249
1,32613,767,0,5,Calmed,Calmed,100,3250
1,32622,767,0,5,Calmed,Calmed,100,3251
1,32625,767,0,5,Calmed,Calmed,100,3252
1,32627,767,0,5,Calmed,Calmed,100,3253
1,32630,767,0,5,Calmed,Calmed,100,3254
1,32639,767,0,5,Calmed,Calmed,100,3255
1,32641,767,0,5,Calmed,Calmed,100,3256
1,32644,767,0,5,Calmed,Calmed,100,3257
1,32647,767,0,5,Calmed,Calmed,100,3258
1,32656,767,0,5,Calmed,Calmed,100,3259
1,32658,767,0,5,Calmed,Calmed,100,3260
1,32661,767,0,5,Calmed,Calmed,100,3261
1,32663,767,0,5,Calmed,Calmed,100,3262
1,32672,767,0,5,Calmed,Calmed,100,3263
1,32675,767,0,5,Calmed,Calmed,100,3264
1,32677,767,0,5,Calmed,Calmed,100,3265
1,32680,767,0,5,Calmed,Calmed,100,3266
1,32689,767,0,5,Calmed,Calmed,100,3267
1,32691,767,0,5,Calmed,Calmed,100,3268
1,32694,767,0,5,Calmed,Calmed,100,3269
1,32696,767,0,5,Calmed,Calmed,100,3270
1,32706,767,0,5,Calmed,Calmed,100,3271
1,32708,767,0,5,Calmed,Calmed,100,3272
1,32711,767,0,5,Calmed,Calmed,100,3273
1,32713,767,0,5,Calmed,Calmed,100,3274
1,32722,767,0,5,Calmed,Calmed,100,3275
1,32725,767,0,5,Calmed,Calmed,100,3276
1,32728,767,0,5,Calmed,Calmed,100,3277
1,32730,767,0,5,Calmed,Calmed,100,3278
1,32739,767,0,5,Calmed,Calmed,100,3279
1,32742,767,0,5,Calmed,Calmed,100,3280
1,32744,767,0,5,Calmed,Calmed,100,3281
1,32746,767,0,5,Calmed,Calmed,100,3282
1,32756,767,0,5,Calmed,Calmed,100,3283
1,32758,767,0,5,Calmed,Calmed,100,3284
1,32760,767,0,5,Calmed,Calmed,100,3285
1,32763,767,0,5,Calmed,Calmed,100,3286
1,32772,767,0,5,Calmed,Calmed,100,3287
1,32775,766,-1,5,Calmed,Calmed,100,3288
1,32778,766,-1,5,Calmed,Calmed,100,3289
1,32780,766,-1,5,Calmed,Calmed,100,3290
1,32789,766,-1,5,Calmed,Calmed,100,3291
1,32791,766,-1,5,Calmed,Calmed,100,3292
1,32794,766,-1,5,Calmed,Calmed,100,3293
1,32797,766,-1,5,Calmed,Calmed,100,3294
1,32806,766,-1,5,Calmed,Calmed,100,3295
1,32808,766,-1,5,Calmed,Calmed,100,3296
1,32811,766,-1,5,Calmed,Calmed,100,3297
1,32813,766,-1,5,Calmed,Calmed,100,3298
1,32822,766,-1,5,Calmed,Calmed,100,3299
1,32825,767,0,5,Calmed,Calmed,100,3300
1,32827,767,0,5,Calmed,Calmed,100,3301
1,32830,767,0,5,Calmed,Calmed,100,3302
1,32839,767,0,5,Calmed,Calmed,100,3303
1,32841,767,0,5,Calmed,Calmed,100,3304
1,32844,767,0,5,Calmed,Calmed,100,3305
1,32846,767,0,5,Calmed,Calmed,100,3306
1,32856,767,0,5,Calmed,Calmed,100,3307
1,32859,767,0,5,Calmed,Calmed,100,3308
1,32862,767,0,5,Calmed,Calmed,100,3309
1,32864,767,0,5,Calmed,Calmed,100,3310
1,32876,767,0,5,Calmed,Calmed,100,3311
1,32879,767,0,5,Calmed,Calmed,100,3312
1,32890,767,0,5,Calmed,Calmed,100,3313
1,32893,767,0,5,Calmed,Calmed,100,3314
1,32896,767,0,5,Calmed,Calmed,100,3315
1,32907,767,0,5,Calmed,Calmed,100,3316
1,32911,767,0,5,Calmed,Calmed,100,3317
1,32914,767,0,5,Calmed,Calmed,100,3318
1,32923,767,0,5,Calmed,Calmed,100,3319
1,32927,767,0,5,Calmed,Calmed,100,3320
1,32931,767,0,5,Calmed,Calmed,100,3321
1,32940,767,0,5,Calmed,Calmed,100,3322
1,32942,767,0,5,Calmed,Calmed,100,3323
1,32945,767,0,5,Calmed,Calmed,100,3324
1,32948,767,0,5,Calmed,Calmed,100,3325
1,32956,767,0,5,Calmed,Calmed,100,3326
1,32959,767,0,5,Calmed,Calmed,100,3327
1,32962,767,0,5,Calmed,Calmed,100,3328
1,32965,767,0,5,Calmed,Calmed,100,3329
1,32973,767,0,5,Calmed,Calmed,100,3330
1,32975,767,0,5,Calmed,Calmed,100,3331
1,32978,767,0,5,Calmed,Calmed,100,3332
1,32982,767,0,5,Calmed,Calmed,100,3333
1,32989,767,0,5,Calmed,Calmed,100,3334
1,32992,767,0,5,Calmed,Calmed,100,3335
1,32995,767,0,5,Calmed,Calmed,100,3336
1,32997,767,0,5,Calmed,Calmed,100,3337
1,33006,767,0,5,Calmed,Calmed,100,3338
1,33008,767,0,5,Calmed,Calmed,100,3339
1,33011,767,0,5,Calmed,Calmed,100,3340
1,33013,767,0,5,Calmed,Calmed,100,3341
1,33022,767,0,5,Calmed,Calmed,100,3342
1,33025,767,0,5,Calmed,Calmed,100,3343
1,33027,767,0,5,Calmed,Calmed,100,3344
1,33030,767,0,5,Calmed,Calmed,100,3345
1,33039,767,0,5,Calmed,Calmed,100,3346
1,33042,767,0,5,Calmed,Calmed,100,3347
1,33044,767,0,5,Calmed,Calmed,100,3348
1,33046,767,0,5,Calmed,Calmed,100,3349
1,33056,767,0,5,Calmed,Calmed,100,3350
1,33058,767,0,5,Calmed,Calmed,100,3351
1,33061,767,0,5,Calmed,Calmed,100,3352
1,33063,767,0,5,Calmed,Calmed,100,3353
1,33072,767,0,5,Calmed,Calmed,100,3354
1,33075,767,0,5,Calmed,Calmed,100,3355
1,33078,767,0,5,Calmed,Calmed,100,3356
1,33080,767,0,5,Calmed,Calmed,100,3357
1,33089,767,0,5,Calmed,Calmed,100,3358
1,33092,767,0,5,Calmed,Calmed,100,3359
1,33094,767,0,5,Calmed,Calmed,100,3360
1,33097,767,0,5,Calmed,Calmed,100,3361
1,33106,767,0,5,Calmed,Calmed,100,3362
1,33108,767,0,5,Calmed,Calmed,100,3363
1,33111,767,0,5,Calmed,Calmed,100,3364
1,33113,767,0,5,Calmed,Calmed,100,3365
1,33122,767,0,5,Calmed,Calmed,100,3366
1,33125,767,0,5,Calmed,Calmed,100,3367
1,33127,767,0,5,Calmed,Calmed,100,3368
1,33130,766,-1,5,Calmed,Calmed,100,3369
1,33139,766,-1,5,Calmed,Calmed,100,3370
1,33142,766,-1,5,Calmed,Calmed,100,3371
1,33144,766,-1,5,Calmed,Calmed,100,3372
1,33147,766,-1,5,Calmed,Calmed,100,3373
1,33156,766,-1,5,Calmed,Calmed,100,3374
1,33158,766,-1,5,Calmed,Calmed,100,3375
1,33161,766,-1,5,Calmed,Calmed,100,3376
1,33163,766,-1,5,Calmed,Calmed,100,3377
1,33172,766,-1,5,Calmed,Calmed,100,3378
1,33175,766,-1,5,Calmed,Calmed,100,3379
1,33178,767,0,5,Calmed,Calmed,100,3380
1,33180,767,0,5,Calmed,Calmed,100,3381
1,33189,767,0,5,Calmed,Calmed,100,3382
1,33191,767,0,5,Calmed,Calmed,100,3383
1,33194,767,0,5,Calmed,Calmed,100,3384
1,33196,767,0,5,Calmed,Calmed,100,3385
1,33206,767,0,5,Calmed,Calmed,100,3386
1,33208,767,0,5,Calmed,Calmed,100,3387
1,33211,767,0,5,Calmed,Calmed,100,3388
1,33213,767,0,5,Calmed,Calmed,100,3389
1,33222,767,0,5,Calmed,Calmed,100,3390
1,33225,767,0,5,Calmed,Calmed,100,3391
1,33227,767,0,5,Calmed,Calmed,100,3392
1,33230,767,0,5,Calmed,Calmed,100,3393
1,33239,766,-1,5,Calmed,Calmed,100,3394
1,33242,766,-1,5,Calmed,Calmed,100,3395
1,33244,766,-1,5,Calmed,Calmed,100,3396
1,33247,766,-1,5,Calmed,Calmed,100,3397
1,33256,766,-1,5,Calmed,Calmed,100,3398
1,33258,766,-1,5,Calmed,Calmed,100,3399
1,33261,766,-1,5,Calmed,Calmed,100,3400
1,33263,766,-1,5,Calmed,Calmed,100,3401
1,33272,766,-1,5,Calmed,Calmed,100,3402
1,33275,766,-1,5,Calmed,Calmed,100,3403
1,33277,766,-1,5,Calmed,Calmed,100,3404
1,33280,766,-1,5,Calmed,Calmed,100,3405
1,33289,766,-1,5,Calmed,Calmed,100,3406
1,33292,766,-1,5,Calmed,Calmed,100,3407
1,33294,766,-1,5,Calmed,Calmed,100,3408
1,33297,766,-1,5,Calmed,Calmed,100,3409
1,33306,766,-1,5,Calmed,Calmed,100,3410
1,33308,766,-1,5,Calmed,Calmed,100,3411
1,33311,766,-1,5,Calmed,Calmed,100,3412
1,33313,766,-1,5,Calmed,Calmed,100,3413
1,33322,766,-1,5,Calmed,Calmed,100,3414
1,33325,766,-1,5,Calmed,Calmed,100,3415
1,33328,766,-1,5,Calmed,Calmed,100,3416
1,33330,766,-1,5,Calmed,Calmed,100,3417
1,33339,766,-1,5,Calmed,Calmed,100,3418
1,33342,766,-1,5,Calmed,Calmed,100,3419
1,33345,766,-1,5,Calmed,Calmed,100,3420
1,33348,766,-1,5,Calmed,Calmed,100,3421
1,33356,766,-1,5,Calmed,Calmed,100,3422
1,33359,766,-1,5,Calmed,Calmed,100,3423
1,33361,766,-1,5,Calmed,Calmed,100,3424
1,33364,766,-1,5,Calmed,Calmed,100,3425
1,33372,766,-1,5,Calmed,Calmed,100,3426
1,33375,766,-1,5,Calmed,Calmed,100,3427
1,33378,766,-1,5,Calmed,Calmed,100,3428
1,33380,766,-1,5,Calmed,Calmed,100,3429
1,33389,766,-1,5,Calmed,Calmed,100,3430
1,33392,766,-1,5,Calmed,Calmed,100,3431
1,33394,766,-1,5,Calmed,Calmed,100,3432
1,33397,766,-1,5,Calmed,Calmed,100,3433
1,33406,766,-1,5,Calmed,Calmed,100,3434
1,33408,766,-1,5,Calmed,Calmed,100,3435
1,33411,766,-1,5,Calmed,Calmed,100,3436
1,33413,766,-1,5,Calmed,Calmed,100,3437
1,33422,766,-1,5,Calmed,Calmed,100,3438
1,33425,766,-1,5,Calmed,Calmed,100,3439
1,33427,766,-1,5,Calmed,Calmed,100,3440
1,33430,766,-1,5,Calmed,Calmed,100,3441
1,33439,766,-1,5,Calmed,Calmed,100,3442
1,33442,766,-1,5,Calmed,Calmed,100,3443
1,33444,766,-1,5,Calmed,Calmed,100,3444
1,33447,766,-1,5,Calmed,Calmed,100,3445
1,33456,766,-1,5,Calmed,Calmed,100,3446
1,33458,766,-1,5,Calmed,Calmed,100,3447
1,33461,766,-1,5,Calmed,Calmed,100,3448
1,33463,766,-1,5,Calmed,Calmed,100,3449
1,33472,766,-1,5,Calmed,Calmed,100,3450
1,33475,766,-1,5,Calmed,Calmed,100,3451
1,33477,766,-1,5,Calmed,Calmed,100,3452
1,33480,766,-1,5,Calmed,Calmed,100,3453
1,33489,766,-1,5,Calmed,Calmed,100,3454
1,33491,766,-1,5,Calmed,Calmed,100,3455
1,33494,766,-1,5,Calmed,Calmed,100,3456
1,33496,766,-1,5,Calmed,Calmed,100,3457
1,33506,766,-1,5,Calmed,Calmed,100,3458
1,33508,766,-1,5,Calmed,Calmed,100,3459
1,33511,766,-1,5,Calmed,Calmed,100,3460
1,33513,766,-1,5,Calmed,Calmed,100,3461
1,33522,766,-1,5,Calmed,Calmed,100,3462
1,33525,766,-1,5,Calmed,Calmed,100,3463
1,33527,766,-1,5,Calmed,Calmed,100,3464
1,33530,766,-1,5,Calmed,Calmed,100,3465
1,33539,766,-1,5,Calmed,Calmed,100,3466
1,33541,766,-1,5,Calmed,Calmed,100,3467
1,33544,766,-1,5,Calmed,Calmed,100,3468
1,33547,766,-1,5,Calmed,Calmed,100,3469
1,33556,766,-1,5,Calmed,Calmed,100,3470
1,33558,766,-1,5,Calmed,Calmed,100,3471
1,33561,766,-1,5,Calmed,Calmed,100,3472
1,33563,766,-1,5,Calmed,Calmed,100,3473
1,33572,766,-1,5,Calmed,Calmed,100,3474
1,33575,766,-1,5,Calmed,Calmed,100,3475
1,33577,766,-1,5,Calmed,Calmed,100,3476
1,33580,766,-1,5,Calmed,Calmed,100,3477
1,33589,766,-1,5,Calmed,Calmed,100,3478
1,33592,766,-1,5,Calmed,Calmed,100,3479
1,33594,766,-1,5,Calmed,Calmed,100,3480
1,33596,766,-1,5,Calmed,Calmed,100,3481
1,33606,766,-1,5,Calmed,Calmed,100,3482
1,33608,766,-1,5,Calmed,Calmed,100,3483
1,33610,766,-1,5,Calmed,Calmed,100,3484
1,33613,766,-1,5,Calmed,Calmed,100,3485
1,33622,766,-1,5,Calmed,Calmed,100,3486
1,33625,766,-1,5,Calmed,Calmed,100,3487
1,33627,766,-1,5,Calmed,Calmed,100,3488
1,33630,766,-1,5,Calmed,Calmed,100,3489
1,33639,766,-1,5,Calmed,Calmed,100,3490
1,33642,766,-1,5,Calmed,Calmed,100,3491
1,33644,766,-1,5,Calmed,Calmed,100,3492
1,33646,766,-1,5,Calmed,Calmed,100,3493
1,33656,766,-1,5,Calmed,Calmed,100,3494
1,33658,766,-1,5,Calmed,Calmed,100,3495
1,33661,766,-1,5,Calmed,Calmed,100,3496
1,33663,766,-1,5,Calmed,Calmed,100,3497
1,33672,766,-1,5,Calmed,Calmed,100,3498
1,33675,766,-1,5,Calmed,Calmed,100,3499
1,33677,766,-1,5,Calmed,Calmed,100,3500
1,33680,766,-1,5,Calmed,Calmed,100,3501
1,33689,766,-1,5,Calmed,Calmed,100,3502
1,33692,766,-1,5,Calmed,Calmed,100,3503
1,33694,766,-1,5,Calmed,Calmed,100,3504
1,33697,766,-1,5,Calmed,Calmed,100,3505
1,33706,766,-1,5,Calmed,Calmed,100,3506
1,33708,766,-1,5,Calmed,Calmed,100,3507
1,33711,766,-1,5,Calmed,Calmed,100,3508
1,33713,766,-1,5,Calmed,Calmed,100,3509
1,33722,766,-1,5,Calmed,Calmed,100,3510
1,33725,766,-1,5,Calmed,Calmed,100,3511
1,33727,766,-1,5,Calmed,Calmed,100,3512
1,33730,766,-1,5,Calmed,Calmed,100,3513
1,33739,766,-1,5,Calmed,Calmed,100,3514
1,33742,766,-1,5,Calmed,Calmed,100,3515
1,33744,766,-1,5,Calmed,Calmed,100,3516
1,33746,766,-1,5,Calmed,Calmed,100,3517
1,33756,766,-1,5,Calmed,Calmed,100,3518
1,33758,766,-1,5,Calmed,Calmed,100,3519
1,33761,766,-1,5,Calmed,Calmed,100,3520
1,33763,766,-1,5,Calmed,Calmed,100,3521
1,33772,766,-1,5,Calmed,Calmed,100,3522
1,33775,766,-1,5,Calmed,Calmed,100,3523
1,33777,766,-1,5,Calmed,Calmed,100,3524
1,33780,766,-1,5,Calmed,Calmed,100,3525
1,33789,766,-1,5,Calmed,Calmed,100,3526
1,33792,766,-1,5,Calmed,Calmed,100,3527
1,33794,766,-1,5,Calmed,Calmed,100,3528
1,33796,766,-1,5,Calmed,Calmed,100,3529
1,33806,766,-1,5,Calmed,Calmed,100,3530
1,33808,766,-1,5,Calmed,Calmed,100,3531
1,33811,766,-1,5,Calmed,Calmed,100,3532
1,33813,766,-1,5,Calmed,Calmed,100,3533
1,33822,766,-1,5,Calmed,Calmed,100,3534
1,33825,766,-1,5,Calmed,Calmed,100,3535
1,33827,766,-1,5,Calmed,Calmed,100,3536
1,33830,766,-1,5,Calmed,Calmed,100,3537
1,33839,766,-1,5,Calmed,Calmed,100,3538
1,33842,766,-1,5,Calmed,Calmed,100,3539
1,33844,766,-1,5,Calmed,Calmed,100,3540
1,33846,766,-1,5,Calmed,Calmed,100,3541
1,33856,766,-1,5,Calmed,Calmed,100,3542
1,33858,766,-1,5,Calmed,Calmed,100,3543
1,33860,766,-1,5,Calmed,Calmed,100,3544
1,33863,766,-1,5,Calmed,Calmed,100,3545
1,33872,766,-1,5,Calmed,Calmed,100,3546
1,33875,766,-1,5,Calmed,Calmed,100,3547
1,33877,766,-1,5,Calmed,Calmed,100,3548
1,33880,766,-1,5,Calmed,Calmed,100,3549
1,33889,766,-1,5,Calmed,Calmed,100,3550
1,33892,766,-1,5,Calmed,Calmed,100,3551
1,33894,766,-1,5,Calmed,Calmed,100,3552
1,33897,766,-1,5,Calmed,Calmed,100,3553
1,33906,766,-1,5,Calmed,Calmed,100,3554
1,33908,766,-1,5,Calmed,Calmed,100,3555
1,33911,766,-1,5,Calmed,Calmed,100,3556
1,33913,766,-1,5,Calmed,Calmed,100,3557
1,33922,766,-1,5,Calmed,Calmed,100,3558
1,33925,766,-1,5,Calmed,Calmed,100,3559
1,33927,766,-1,5,Calmed,Calmed,100,3560
1,33930,766,-1,5,Calmed,Calmed,100,3561
1,33939,766,-1,5,Calmed,Calmed,100,3562
1,33942,766,-1,5,Calmed,Calmed,100,3563
1,33944,766,-1,5,Calmed,Calmed,100,3564
1,33947,766,-1,5,Calmed,Calmed,100,3565
1,33956,766,-1,5,Calmed,Calmed,100,3566
1,33958,766,-1,5,Calmed,Calmed,100,3567
1,33961,766,-1,5,Calmed,Calmed,100,3568
1,33963,766,-1,5,Calmed,Calmed,100,3569
1,33972,766,-1,5,Calmed,Calmed,100,3570
1,33975,766,-1,5,Calmed,Calmed,100,3571
1,33977,766,-1,5,Calmed,Calmed,100,3572
1,33980,766,-1,5,Calmed,Calmed,100,3573
1,33989,766,-1,5,Calmed,Calmed,100,3574
1,33992,766,-1,5,Calmed,Calmed,100,3575
1,33994,766,-1,5,Calmed,Calmed,100,3576
1,33996,766,-1,5,Calmed,Calmed,100,3577
1,34006,766,-1,5,Calmed,Calmed,100,3578
1,34008,766,-1,5,Calmed,Calmed,100,3579
1,34011,766,-1,5,Calmed,Calmed,100,3580
1,34013,766,-1,5,Calmed,Calmed,100,3581
1,34022,766,-1,5,Calmed,Calmed,100,3582
1,34025,766,-1,5,Calmed,Calmed,100,3583
1,34027,766,-1,5,Calmed,Calmed,100,3584
1,34030,766,-1,5,Calmed,Calmed,100,3585
1,34039,766,-1,5,Calmed,Calmed,100,3586
1,34042,766,-1,5,Calmed,Calmed,100,3587
1,34044,766,-1,5,Calmed,Calmed,100,3588
1,34047,766,-1,5,Calmed,Calmed,100,3589
1,34056,766,-1,5,Calmed,Calmed,100,3590
1,34058,766,-1,5,Calmed,Calmed,100,3591
1,34061,766,-1,5,Calmed,Calmed,100,3592
1,34063,766,-1,5,Calmed,Calmed,100,3593
1,34072,766,-1,5,Calmed,Calmed,100,3594
1,34075,766,-1,5,Calmed,Calmed,100,3595
1,34078,766,-1,5,Calmed,Calmed,100,3596
1,34080,766,-1,5,Calmed,Calmed,100,3597
1,34089,766,-1,5,Calmed,Calmed,100,3598
1,34092,766,-1,5,Calmed,Calmed,100,3599
1,34094,766,-1,5,Calmed,Calmed,100,3600
1,34097,766,-1,5,Calmed,Calmed,100,3601
1,34106,766,-1,5,Calmed,Calmed,100,3602
1,34108,766,-1,5,Calmed,Calmed,100,3603
1,34111,766,-1,5,Calmed,Calmed,100,3604
1,34113,766,-1,5,Calmed,Calmed,100,3605
1,34122,766,-1,5,Calmed,Calmed,100,3606
1,34125,766,-1,5,Calmed,Calmed,100,3607
1,34127,766,-1,5,Calmed,Calmed,100,3608
1,34130,766,-1,5,Calmed,Calmed,100,3609
1,34139,766,-1,5,Calmed,Calmed,100,3610
1,34141,766,-1,5,Calmed,Calmed,100,3611
1,34144,766,-1,5,Calmed,Calmed,100,3612
1,34146,766,-1,5,Calmed,Calmed,100,3613
1,34156,766,-1,5,Calmed,Calmed,100,3614
1,34158,766,-1,5,Calmed,Calmed,100,3615
1,34161,766,-1,5,Calmed,Calmed,100,3616
1,34163,766,-1,5,Calmed,Calmed,100,3617
1,34172,766,-1,5,Calmed,Calmed,100,3618
1,34175,766,-1,5,Calmed,Calmed,100,3619
1,34177,766,-1,5,Calmed,Calmed,100,3620
1,34180,766,-1,5,Calmed,Calmed,100,3621
1,34189,766,-1,5,Calmed,Calmed,100,3622
1,34192,766,-1,5,Calmed,Calmed,100,3623
1,34194,766,-1,5,Calmed,Calmed,100,3624
1,34197,766,-1,5,Calmed,Calmed,100,3625
1,34206,766,-1,5,Calmed,Calmed,100,3626
1,34208,766,-1,5,Calmed,Calmed,100,3627
1,34211,766,-1,5,Calmed,Calmed,100,3628
1,34213,766,-1,5,Calmed,Calmed,100,3629
1,34222,766,-1,5,Calmed,Calmed,100,3630
1,34225,766,-1,5,Calmed,Calmed,100,3631
1,34227,766,-1,5,Calmed,Calmed,100,3632
1,34230,766,-1,5,Calmed,Calmed,100,3633
1,34239,766,-1,5,Calmed,Calmed,100,3634
1,34242,766,-1,5,Calmed,Calmed,100,3635
1,34244,766,-1,5,Calmed,Calmed,100,3636
1,34246,766,-1,5,Calmed,Calmed,100,3637
1,34256,766,-1,5,Calmed,Calmed,100,3638
1,34258,766,-1,5,Calmed,Calmed,100,3639
1,34260,766,-1,5,Calmed,Calmed,100,3640
1,34263,766,-1,5,Calmed,Calmed,100,3641
1,34272,766,-1,5,Calmed,Calmed,100,3642
1,34275,766,-1,5,Calmed,Calmed,100,3643
1,34277,766,-1,5,Calmed,Calmed,100,3644
1,34280,766,-1,5,Calmed,Calmed,100,3645
1,34289,766,-1,5,Calmed,Calmed,100,3646
1,34292,766,-1,5,Calmed,Calmed,100,3647
1,34294,766,-1,5,Calmed,Calmed,100,3648
1,34297,766,-1,5,Calmed,Calmed,100,3649
1,34306,766,-1,5,Calmed,Calmed,100,3650
1,34308,767,0,5,Calmed,Calmed,100,3651
1,34311,767,0,5,Calmed,Calmed,100,3652
1,34313,767,0,5,Calmed,Calmed,100,3653
1,34322,767,0,5,Calmed,Calmed,100,3654
1,34325,767,0,5,Calmed,Calmed,100,3655
1,34327,767,0,5,Calmed,Calmed,100,3656
1,34329,767,0,5,Calmed,Calmed,100,3657
1,34339,767,0,5,Calmed,Calmed,100,3658
1,34342,767,0,5,Calmed,Calmed,100,3659
1,34344,767,0,5,Calmed,Calmed,100,3660
1,34347,767,0,5,Calmed,Calmed,100,3661
1,34356,767,0,5,Calmed,Calmed,100,3662
1,34358,767,0,5,Calmed,Calmed,100,3663
1,34361,766,-1,5,Calmed,Calmed,100,3664
1,34363,766,-1,5,Calmed,Calmed,100,3665
1,34372,766,-1,5,Calmed,Calmed,100,3666
1,34375,766,-1,5,Calmed,Calmed,100,3667
1,34377,766,-1,5,Calmed,Calmed,100,3668
1,34380,766,-1,5,Calmed,Calmed,100,3669
1,34389,766,-1,5,Calmed,Calmed,100,3670
1,34391,766,-1,5,Calmed,Calmed,100,3671
1,34394,766,-1,5,Calmed,Calmed,100,3672
1,34396,766,-1,5,Calmed,Calmed,100,3673
1,34406,766,-1,5,Calmed,Calmed,100,3674
1,34408,766,-1,5,Calmed,Calmed,100,3675
1,34411,766,-1,5,Calmed,Calmed,100,3676
1,34413,766,-1,5,Calmed,Calmed,100,3677
1,34422,766,-1,5,Calmed,Calmed,100,3678
1,34425,766,-1,5,Calmed,Calmed,100,3679
1,34428,766,-1,5,Calmed,Calmed,100,3680
1,34430,766,-1,5,Calmed,Calmed,100,3681
1,34439,766,-1,5,Calmed,Calmed,100,3682
1,34442,766,-1,5,Calmed,Calmed,100,3683
1,34444,766,-1,5,Calmed,Calmed,100,3684
1,34446,766,-1,5,Calmed,Calmed,100,3685
1,34456,766,-1,5,Calmed,Calmed,100,3686
1,34458,766,-1,5,Calmed,Calmed,100,3687
1,34461,766,-1,5,Calmed,Calmed,100,3688
1,34463,766,-1,5,Calmed,Calmed,100,3689
1,34472,766,-1,5,Calmed,Calmed,100,3690
1,34475,766,-1,5,Calmed,Calmed,100,3691
1,34477,766,-1,5,Calmed,Calmed,100,3692
1,34480,766,-1,5,Calmed,Calmed,100,3693
1,34489,766,-1,5,Calmed,Calmed,100,3694
1,34492,766,-1,5,Calmed,Calmed,100,3695
1,34495,766,-1,5,Calmed,Calmed,100,3696
1,34497,766,-1,5,Calmed,Calmed,100,3697
1,34506,766,-1,5,Calmed,Calmed,100,3698
1,34508,766,-1,5,Calmed,Calmed,100,3699
1,34511,766,-1,5,Calmed,Calmed,100,3700
1,34513,767,0,5,Calmed,Calmed,100,3701
1,34522,767,0,5,Calmed,Calmed,100,3702
1,34525,767,0,5,Calmed,Calmed,100,3703
1,34527,767,0,5,Calmed,Calmed,100,3704
1,34530,767,0,5,Calmed,Calmed,100,3705
1,34539,767,0,5,Calmed,Calmed,100,3706
1,34542,767,0,5,Calmed,Calmed,100,3707
1,34544,767,0,5,Calmed,Calmed,100,3708
1,34546,767,0,5,Calmed,Calmed,100,3709
1,34556,767,0,5,Calmed,Calmed,100,3710
1,34558,767,0,5,Calmed,Calmed,100,3711
1,34561,767,0,5,Calmed,Calmed,100,3712
1,34563,767,0,5,Calmed,Calmed,100,3713
1,34572,766,-1,5,Calmed,Calmed,100,3714
1,34575,766,-1,5,Calmed,Calmed,100,3715
1,34578,766,-1,5,Calmed,Calmed,100,3716
1,34580,766,-1,5,Calmed,Calmed,100,3717
1,34589,766,-1,5,Calmed,Calmed,100,3718
1,34592,766,-1,5,Calmed,Calmed,100,3719
1,34594,766,-1,5,Calmed,Calmed,100,3720
1,34597,766,-1,5,Calmed,Calmed,100,3721
1,34606,766,-1,5,Calmed,Calmed,100,3722
1,34608,766,-1,5,Calmed,Calmed,100,3723
1,34610,766,-1,5,Calmed,Calmed,100,3724
1,34613,766,-1,5,Calmed,Calmed,100,3725
1,34622,766,-1,5,Calmed,Calmed,100,3726
1,34625,766,-1,5,Calmed,Calmed,100,3727
1,34627,766,-1,5,Calmed,Calmed,100,3728
1,34630,766,-1,5,Calmed,Calmed,100,3729
1,34639,766,-1,5,Calmed,Calmed,100,3730
1,34642,766,-1,5,Calmed,Calmed,100,3731
1,34644,766,-1,5,Calmed,Calmed,100,3732
1,34646,766,-1,5,Calmed,Calmed,100,3733
1,34656,766,-1,5,Calmed,Calmed,100,3734
1,34658,766,-1,5,Calmed,Calmed,100,3735
1,34661,766,-1,5,Calmed,Calmed,100,3736
1,34663,766,-1,5,Calmed,Calmed,100,3737
1,34672,766,-1,5,Calmed,Calmed,100,3738
1,34675,767,0,5,Calmed,Calmed,100,3739
1,34677,767,0,5,Calmed,Calmed,100,3740
1,34680,767,0,5,Calmed,Calmed,100,3741
1,34689,767,0,5,Calmed,Calmed,100,3742
1,34692,767,0,5,Calmed,Calmed,100,3743
1,34694,767,0,5,Calmed,Calmed,100,3744
1,34696,767,0,5,Calmed,Calmed,100,3745
1,34706,767,0,5,Calmed,Calmed,100,3746
1,34708,767,0,5,Calmed,Calmed,100,3747
1,34711,767,0,5,Calmed,Calmed,100,3748
1,34713,767,0,5,Calmed,Calmed,100,3749
1,34723,767,0,5,Calmed,Calmed,100,3750
1,34725,766,-1,5,Calmed,Calmed,100,3751
1,34728,766,-1,5,Calmed,Calmed,100,3752
1,34730,766,-1,5,Calmed,Calmed,100,3753
1,34739,766,-1,5,Calmed,Calmed,100,3754
1,34742,766,-1,5,Calmed,Calmed,100,3755
1,34744,766,-1,5,Calmed,Calmed,100,3756
1,34746,766,-1,5,Calmed,Calmed,100,3757
1,34756,766,-1,5,Calmed,Calmed,100,3758
1,34758,766,-1,5,Calmed,Calmed,100,3759
1,34760,766,-1,5,Calmed,Calmed,100,3760
1,34763,766,-1,5,Calmed,Calmed,100,3761
1,34772,766,-1,5,Calmed,Calmed,100,3762
1,34775,767,0,5,Calmed,Calmed,100,3763
1,34777,767,0,5,Calmed,Calmed,100,3764
1,34780,767,0,5,Calmed,Calmed,100,3765
1,34789,767,0,5,Calmed,Calmed,100,3766
1,34792,767,0,5,Calmed,Calmed,100,3767
1,34794,767,0,5,Calmed,Calmed,100,3768
1,34797,767,0,5,Calmed,Calmed,100,3769
1,34806,767,0,5,Calmed,Calmed,100,3770
1,34808,767,0,5,Calmed,Calmed,100,3771
1,34811,767,0,5,Calmed,Calmed,100,3772
1,34813,767,0,5,Calmed,Calmed,100,3773
1,34822,767,0,5,Calmed,Calmed,100,3774
1,34825,766,-1,5,Calmed,Calmed,100,3775
1,34827,766,-1,5,Calmed,Calmed,100,3776
1,34830,766,-1,5,Calmed,Calmed,100,3777
1,34839,766,-1,5,Calmed,Calmed,100,3778
1,34842,766,-1,5,Calmed,Calmed,100,3779
1,34844,766,-1,5,Calmed,Calmed,100,3780
1,34847,766,-1,5,Calmed,Calmed,100,3781
1,34856,766,-1,5,Calmed,Calmed,100,3782
1,34858,766,-1,5,Calmed,Calmed,100,3783
1,34861,766,-1,5,Calmed,Calmed,100,3784
1,34863,766,-1,5,Calmed,Calmed,100,3785
1,34872,766,-1,5,Calmed,Calmed,100,3786
1,34875,766,-1,5,Calmed,Calmed,100,3787
1,34877,766,-1,5,Calmed,Calmed,100,3788
1,34880,766,-1,5,Calmed,Calmed,100,3789
1,34889,766,-1,5,Calmed,Calmed,100,3790
1,34891,766,-1,5,Calmed,Calmed,100,3791
1,34894,766,-1,5,Calmed,Calmed,100,3792
1,34896,766,-1,5,Calmed,Calmed,100,3793
1,34906,766,-1,5,Calmed,Calmed,100,3794
1,34908,766,-1,5,Calmed,Calmed,100,3795
1,34911,766,-1,5,Calmed,Calmed,100,3796
1,34913,766,-1,5,Calmed,Calmed,100,3797
1,34922,766,-1,5,Calmed,Calmed,100,3798
1,34925,766,-1,5,Calmed,Calmed,100,3799
1,34927,766,-1,5,Calmed,Calmed,100,3800
1,34929,766,-1,5,Calmed,Calmed,100,3801
1,34939,766,-1,5,Calmed,Calmed,100,3802
1,34941,766,-1,5,Calmed,Calmed,100,3803
1,34944,766,-1,5,Calmed,Calmed,100,3804
1,34946,766,-1,5,Calmed,Calmed,100,3805
1,34956,766,-1,5,Calmed,Calmed,100,3806
1,34958,766,-1,5,Calmed,Calmed,100,3807
1,34961,766,-1,5,Calmed,Calmed,100,3808
1,34963,766,-1,5,Calmed,Calmed,100,3809
1,34972,766,-1,5,Calmed,Calmed,100,3810
1,34975,766,-1,5,Calmed,Calmed,100,3811
1,34977,766,-1,5,Calmed,Calmed,100,3812
1,34980,766,-1,5,Calmed,Calmed,100,3813
1,34989,766,-1,5,Calmed,Calmed,100,3814
1,34992,766,-1,5,Calmed,Calmed,100,3815
1,34994,766,-1,5,Calmed,Calmed,100,3816
1,34996,766,-1,5,Calmed,Calmed,100,3817
1,35006,766,-1,5,Calmed,Calmed,100,3818
1,35009,766,-1,5,Calmed,Calmed,100,3819
1,35012,766,-1,5,Calmed,Calmed,100,3820
1,35014,766,-1,5,Calmed,Calmed,100,3821
1,35022,766,-1,5,Calmed,Calmed,100,3822
1,35025,766,-1,5,Calmed,Calmed,100,3823
1,35027,766,-1,5,Calmed,Calmed,100,3824
1,35030,766,-1,5,Calmed,Calmed,100,3825
1,35039,766,-1,5,Calmed,Calmed,100,3826
1,35041,766,-1,5,Calmed,Calmed,100,3827
1,35044,766,-1,5,Calmed,Calmed,100,3828
1,35046,766,-1,5,Calmed,Calmed,100,3829
1,35056,766,-1,5,Calmed,Calmed,100,3830
1,35059,766,-1,5,Calmed,Calmed,100,3831
1,35061,766,-1,5,Calmed,Calmed,100,3832
1,35064,766,-1,5,Calmed,Calmed,100,3833
1,35072,766,-1,5,Calmed,Calmed,100,3834
1,35075,766,-1,5,Calmed,Calmed,100,3835
1,35078,766,-1,5,Calmed,Calmed,100,3836
1,35080,766,-1,5,Calmed,Calmed,100,3837
1,35089,766,-1,5,Calmed,Calmed,100,3838
1,35092,766,-1,5,Calmed,Calmed,100,3839
1,35094,766,-1,5,Calmed,Calmed,100,3840
1,35097,766,-1,5,Calmed,Calmed,100,3841
1,35106,766,-1,5,Calmed,Calmed,100,3842
1,35108,766,-1,5,Calmed,Calmed,100,3843
1,35111,766,-1,5,Calmed,Calmed,100,3844
1,35113,766,-1,5,Calmed,Calmed,100,3845
1,35122,766,-1,5,Calmed,Calmed,100,3846
1,35125,766,-1,5,Calmed,Calmed,100,3847
1,35127,766,-1,5,Calmed,Calmed,100,3848
1,35130,766,-1,5,Calmed,Calmed,100,3849
1,35139,766,-1,5,Calmed,Calmed,100,3850
1,35142,766,-1,5,Calmed,Calmed,100,3851
1,35144,766,-1,5,Calmed,Calmed,100,3852
1,35146,766,-1,5,Calmed,Calmed,100,3853
1,35156,766,-1,5,Calmed,Calmed,100,3854
1,35158,766,-1,5,Calmed,Calmed,100,3855
1,35161,766,-1,5,Calmed,Calmed,100,3856
1,35163,766,-1,5,Calmed,Calmed,100,3857
1,35172,766,-1,5,Calmed,Calmed,100,3858
1,35175,766,-1,5,Calmed,Calmed,100,3859
1,35177,766,-1,5,Calmed,Calmed,100,3860
1,35180,766,-1,5,Calmed,Calmed,100,3861
1,35189,766,-1,5,Calmed,Calmed,100,3862
1,35192,766,-1,5,Calmed,Calmed,100,3863
1,35194,766,-1,5,Calmed,Calmed,100,3864
1,35197,766,-1,5,Calmed,Calmed,100,3865
1,35206,766,-1,5,Calmed,Calmed,100,3866
1,35208,766,-1,5,Calmed,Calmed,100,3867
1,35211,766,-1,5,Calmed,Calmed,100,3868
1,35214,766,-1,5,Calmed,Calmed,100,3869
1,35222,766,-1,5,Calmed,Calmed,100,3870
1,35225,766,-1,5,Calmed,Calmed,100,3871
1,35227,766,-1,5,Calmed,Calmed,100,3872
1,35230,766,-1,5,Calmed,Calmed,100,3873
1,35239,766,-1,5,Calmed,Calmed,100,3874
1,35242,766,-1,5,Calmed,Calmed,100,3875
1,35244,766,-1,5,Calmed,Calmed,100,3876
1,35246,766,-1,5,Calmed,Calmed,100,3877
1,35256,766,-1,5,Calmed,Calmed,100,3878
1,35258,766,-1,5,Calmed,Calmed,100,3879
1,35261,766,-1,5,Calmed,Calmed,100,3880
1,35263,766,-1,5,Calmed,Calmed,100,3881
1,35272,766,-1,5,Calmed,Calmed,100,3882
1,35275,766,-1,5,Calmed,Calmed,100,3883
1,35277,766,-1,5,Calmed,Calmed,100,3884
1,35280,766,-1,5,Calmed,Calmed,100,3885
1,35289,766,0,5,Calmed,Calmed,100,3886
1,35291,766,0,5,Calmed,Calmed,100,3887
1,35294,766,0,5,Calmed,Calmed,100,3888
1,35296,766,0,5,Calmed,Calmed,100,3889
1,35306,766,0,5,Calmed,Calmed,100,3890
1,35308,766,0,5,Calmed,Calmed,100,3891
1,35311,766,0,5,Calmed,Calmed,100,3892
1,35313,766,0,5,Calmed,Calmed,100,3893
1,35322,766,0,5,Calmed,Calmed,100,3894
1,35325,766,0,5,Calmed,Calmed,100,3895
1,35327,766,0,5,Calmed,Calmed,100,3896
1,35330,766,0,5,Calmed,Calmed,100,3897
1,35339,766,0,5,Calmed,Calmed,100,3898
1,35342,766,-1,5,Calmed,Calmed,100,3899
1,35344,766,-1,5,Calmed,Calmed,100,3900
1,35346,766,-1,5,Calmed,Calmed,100,3901
1,35356,766,-1,5,Calmed,Calmed,100,3902
1,35358,766,-1,5,Calmed,Calmed,100,3903
1,35361,766,-1,5,Calmed,Calmed,100,3904
1,35363,766,-1,5,Calmed,Calmed,100,3905
1,35372,766,-1,5,Calmed,Calmed,100,3906
1,35375,766,-1,5,Calmed,Calmed,100,3907
1,35377,766,-1,5,Calmed,Calmed,100,3908
1,35380,766,-1,5,Calmed,Calmed,100,3909
1,35389,766,-1,5,Calmed,Calmed,100,3910
1,35392,767,0,5,Calmed,Calmed,100,3911
1,35394,767,0,5,Calmed,Calmed,100,3912
1,35397,767,0,5,Calmed,Calmed,100,3913
1,35406,767,0,5,Calmed,Calmed,100,3914
1,35408,767,0,5,Calmed,Calmed,100,3915
1,35411,767,0,5,Calmed,Calmed,100,3916
1,35413,767,0,5,Calmed,Calmed,100,3917
1,35422,767,0,5,Calmed,Calmed,100,3918
1,35425,767,0,5,Calmed,Calmed,100,3919
1,35427,767,0,5,Calmed,Calmed,100,3920
1,35430,767,0,5,Calmed,Calmed,100,3921
1,35439,767,0,5,Calmed,Calmed,100,3922
1,35442,767,0,5,Calmed,Calmed,100,3923
1,35444,767,0,5,Calmed,Calmed,100,3924
1,35446,767,0,5,Calmed,Calmed,100,3925
1,35456,767,0,5,Calmed,Calmed,100,3926
1,35458,767,0,5,Calmed,Calmed,100,3927
1,35460,767,0,5,Calmed,Calmed,100,3928
1,35463,767,0,5,Calmed,Calmed,100,3929
1,35472,767,0,5,Calmed,Calmed,100,3930
1,35475,767,0,5,Calmed,Calmed,100,3931
1,35477,767,0,5,Calmed,Calmed,100,3932
1,35480,767,0,5,Calmed,Calmed,100,3933
1,35489,767,0,5,Calmed,Calmed,100,3934
1,35492,766,-1,5,Calmed,Calmed,100,3935
1,35494,766,-1,5,Calmed,Calmed,100,3936
1,35496,766,-1,5,Calmed,Calmed,100,3937
1,35506,766,-1,5,Calmed,Calmed,100,3938
1,35508,766,-1,5,Calmed,Calmed,100,3939
1,35511,766,-1,5,Calmed,Calmed,100,3940
1,35513,766,-1,5,Calmed,Calmed,100,3941
1,35522,766,-1,5,Calmed,Calmed,100,3942
1,35525,766,-1,5,Calmed,Calmed,100,3943
1,35527,766,-1,5,Calmed,Calmed,100,3944
1,35530,766,-1,5,Calmed,Calmed,100,3945
1,35539,766,-1,5,Calmed,Calmed,100,3946
1,35542,766,-1,5,Calmed,Calmed,100,3947
1,35544,766,-1,5,Calmed,Calmed,100,3948
1,35546,766,-1,5,Calmed,Calmed,100,3949
1,35556,766,-1,5,Calmed,Calmed,100,3950
1,35558,766,-1,5,Calmed,Calmed,100,3951
1,35560,766,-1,5,Calmed,Calmed,100,3952
1,35563,766,-1,5,Calmed,Calmed,100,3953
1,35572,766,-1,5,Calmed,Calmed,100,3954
1,35575,766,-1,5,Calmed,Calmed,100,3955
1,35577,766,-1,5,Calmed,Calmed,100,3956
1,35580,766,-1,5,Calmed,Calmed,100,3957
1,35589,766,-1,5,Calmed,Calmed,100,3958
1,35592,766,-1,5,Calmed,Calmed,100,3959
1,35594,766,-1,5,Calmed,Calmed,100,3960
1,35596,766,-1,5,Calmed,Calmed,100,3961
1,35606,766,-1,5,Calmed,Calmed,100,3962
1,35608,766,-1,5,Calmed,Calmed,100,3963
1,35611,766,-1,5,Calmed,Calmed,100,3964
1,35613,766,-1,5,Calmed,Calmed,100,3965
1,35622,766,-1,5,Calmed,Calmed,100,3966
1,35625,766,-1,5,Calmed,Calmed,100,3967
1,35627,766,-1,5,Calmed,Calmed,100,3968
1,35630,766,-1,5,Calmed,Calmed,100,3969
1,35639,766,-1,5,Calmed,Calmed,100,3970
1,35641,766,-1,5,Calmed,Calmed,100,3971
1,35644,766,0,5,Calmed,Calmed,100,3972
1,35646,766,0,5,Calmed,Calmed,100,3973
1,35656,766,0,5,Calmed,Calmed,100,3974
1,35658,766,0,5,Calmed,Calmed,100,3975
1,35661,766,0,5,Calmed,Calmed,100,3976
1,35663,766,0,5,Calmed,Calmed,100,3977
1,35672,766,0,5,Calmed,Calmed,100,3978
1,35675,766,0,5,Calmed,Calmed,100,3979
1,35677,766,0,5,Calmed,Calmed,100,3980
1,35680,766,0,5,Calmed,Calmed,100,3981
1,35689,766,0,5,Calmed,Calmed,100,3982
1,35691,766,0,5,Calmed,Calmed,100,3983
1,35694,766,0,5,Calmed,Calmed,100,3984
1,35696,766,-1,5,Calmed,Calmed,100,3985
1,35706,766,-1,5,Calmed,Calmed,100,3986
1,35708,766,-1,5,Calmed,Calmed,100,3987
1,35711,766,-1,5,Calmed,Calmed,100,3988
1,35713,766,-1,5,Calmed,Calmed,100,3989
1,35722,766,-1,5,Calmed,Calmed,100,3990
1,35725,766,-1,5,Calmed,Calmed,100,3991
1,35727,766,-1,5,Calmed,Calmed,100,3992
1,35730,766,-1,5,Calmed,Calmed,100,3993
1,35739,766,-1,5,Calmed,Calmed,100,3994
1,35742,766,-1,5,Calmed,Calmed,100,3995
1,35744,766,-1,5,Calmed,Calmed,100,3996
1,35746,766,0,5,Calmed,Calmed,100,3997
1,35756,766,0,5,Calmed,Calmed,100,3998
1,35758,766,0,5,Calmed,Calmed,100,3999
1,35761,766,0,5,Calmed,Calmed,100,4000
1,35763,766,0,5,Calmed,Calmed,100,4001
1,35772,766,0,5,Calmed,Calmed,100,4002
1,35775,766,0,5,Calmed,Calmed,100,4003
1,35777,766,0,5,Calmed,Calmed,100,4004
1,35780,766,0,5,Calmed,Calmed,100,4005
1,35789,766,0,5,Calmed,Calmed,100,4006
1,35791,766,0,5,Calmed,Calmed,100,4007
1,35794,766,0,5,Calmed,Calmed,100,4008
1,35796,766,0,5,Calmed,Calmed,100,4009
1,35806,766,0,5,Calmed,Calmed,100,4010
1,35808,766,0,5,Calmed,Calmed,100,4011
1,35811,766,0,5,Calmed,Calmed,100,4012
1,35813,766,0,5,Calmed,Calmed,100,4013
1,35822,766,0,5,Calmed,Calmed,100,4014
1,35825,766,0,5,Calmed,Calmed,100,4015
1,35827,766,0,5,Calmed,Calmed,100,4016
1,35830,766,0,5,Calmed,Calmed,100,4017
1,35839,766,0,5,Calmed,Calmed,100,4018
1,35841,766,0,5,Calmed,Calmed,100,4019
1,35844,766,0,5,Calmed,Calmed,100,4020
1,35846,766,0,5,Calmed,Calmed,100,4021
1,35856,766,0,5,Calmed,Calmed,100,4022
1,35858,766,0,5,Calmed,Calmed,100,4023
1,35861,766,0,5,Calmed,Calmed,100,4024
1,35863,766,0,5,Calmed,Calmed,100,4025
1,35872,766,0,5,Calmed,Calmed,100,4026
1,35875,766,0,5,Calmed,Calmed,100,4027
1,35877,766,0,5,Calmed,Calmed,100,4028
1,35880,766,0,5,Calmed,Calmed,100,4029
1,35889,766,0,5,Calmed,Calmed,100,4030
1,35891,766,0,5,Calmed,Calmed,100,4031
1,35894,766,0,5,Calmed,Calmed,100,4032
1,35896,766,0,5,Calmed,Calmed,100,4033
1,35906,766,0,5,Calmed,Calmed,100,4034
1,35908,766,0,5,Calmed,Calmed,100,4035
1,35911,766,0,5,Calmed,Calmed,100,4036
1,35913,766,0,5,Calmed,Calmed,100,4037
1,35922,766,0,5,Calmed,Calmed,100,4038
1,35925,766,0,5,Calmed,Calmed,100,4039
1,35927,766,0,5,Calmed,Calmed,100,4040
1,35930,766,0,5,Calmed,Calmed,100,4041
1,35939,766,0,5,Calmed,Calmed,100,4042
1,35942,766,0,5,Calmed,Calmed,100,4043
1,35944,766,0,5,Calmed,Calmed,100,4044
1,35946,766,0,5,Calmed,Calmed,100,4045
1,35956,766,0,5,Calmed,Calmed,100,4046
1,35958,766,0,5,Calmed,Calmed,100,4047
1,35961,766,0,5,Calmed,Calmed,100,4048
1,35963,766,0,5,Calmed,Calmed,100,4049
1,35972,766,0,5,Calmed,Calmed,100,4050
1,35975,766,0,5,Calmed,Calmed,100,4051
1,35977,766,0,5,Calmed,Calmed,100,4052
1,35980,766,0,5,Calmed,Calmed,100,4053
1,35989,766,0,5,Calmed,Calmed,100,4054
1,35991,766,0,5,Calmed,Calmed,100,4055
1,35994,766,0,5,Calmed,Calmed,100,4056
1,35996,766,0,5,Calmed,Calmed,100,4057
1,36006,766,0,5,Calmed,Calmed,100,4058
1,36008,766,0,5,Calmed,Calmed,100,4059
1,36011,766,0,5,Calmed,Calmed,100,4060
1,36013,766,0,5,Calmed,Calmed,100,4061
1,36022,766,0,5,Calmed,Calmed,100,4062
1,36025,766,0,5,Calmed,Calmed,100,4063
1,36027,766,0,5,Calmed,Calmed,100,4064
1,36030,766,0,5,Calmed,Calmed,100,4065
1,36039,766,0,5,Calmed,Calmed,100,4066
1,36041,766,0,5,Calmed,Calmed,100,4067
1,36044,766,0,5,Calmed,Calmed,100,4068
1,36047,766,0,5,Calmed,Calmed,100,4069
1,36056,766,0,5,Calmed,Calmed,100,4070
1,36058,766,0,5,Calmed,Calmed,100,4071
1,36061,766,0,5,Calmed,Calmed,100,4072
1,36063,766,0,5,Calmed,Calmed,100,4073
1,36072,766,0,5,Calmed,Calmed,100,4074
1,36075,766,0,5,Calmed,Calmed,100,4075
1,36077,766,0,5,Calmed,Calmed,100,4076
1,36080,766,0,5,Calmed,Calmed,100,4077
1,36089,766,0,5,Calmed,Calmed,100,4078
1,36092,766,0,5,Calmed,Calmed,100,4079
1,36094,766,0,5,Calmed,Calmed,100,4080
1,36097,766,0,5,Calmed,Calmed,100,4081
1,36106,766,0,5,Calmed,Calmed,100,4082
1,36108,766,0,5,Calmed,Calmed,100,4083
1,36110,766,0,5,Calmed,Calmed,100,4084
1,36113,766,0,5,Calmed,Calmed,100,4085
1,36122,766,0,5,Calmed,Calmed,100,4086
1,36125,766,0,5,Calmed,Calmed,100,4087
1,36127,766,0,5,Calmed,Calmed,100,4088
1,36129,766,0,5,Calmed,Calmed,100,4089
1,36139,766,0,5,Calmed,Calmed,100,4090
1,36142,766,0,5,Calmed,Calmed,100,4091
1,36144,766,0,5,Calmed,Calmed,100,4092
1,36146,766,0,5,Calmed,Calmed,100,4093
1,36156,766,0,5,Calmed,Calmed,100,4094
1,36158,766,0,5,Calmed,Calmed,100,4095
1,36160,766,0,5,Calmed,Calmed,100,4096
1,36163,766,0,5,Calmed,Calmed,100,4097
1,36172,766,0,5,Calmed,Calmed,100,4098
1,36175,766,0,5,Calmed,Calmed,100,4099
1,36177,766,0,5,Calmed,Calmed,100,4100
1,36179,766,0,5,Calmed,Calmed,100,4101
1,36189,766,0,5,Calmed,Calmed,100,4102
1,36192,766,0,5,Calmed,Calmed,100,4103
1,36194,766,0,5,Calmed,Calmed,100,4104
1,36196,766,0,5,Calmed,Calmed,100,4105
1,36206,766,0,5,Calmed,Calmed,100,4106
1,36208,766,0,5,Calmed,Calmed,100,4107
1,36211,766,0,5,Calmed,Calmed,100,4108
1,36213,766,0,5,Calmed,Calmed,100,4109
1,36223,766,0,5,Calmed,Calmed,100,4110
1,36226,766,0,5,Calmed,Calmed,100,4111
1,36229,766,0,5,Calmed,Calmed,100,4112
1,36240,766,0,5,Calmed,Calmed,100,4113
1,36243,766,0,5,Calmed,Calmed,100,4114
1,36246,766,0,5,Calmed,Calmed,100,4115
1,36256,766,0,5,Calmed,Calmed,100,4116
1,36259,766,0,5,Calmed,Calmed,100,4117
1,36262,766,0,5,Calmed,Calmed,100,4118
1,36265,766,0,5,Calmed,Calmed,100,4119
1,36273,766,0,5,Calmed,Calmed,100,4120
1,36276,766,0,5,Calmed,Calmed,100,4121
1,36279,766,0,5,Calmed,Calmed,100,4122
1,36289,766,0,5,Calmed,Calmed,100,4123
1,36292,766,0,5,Calmed,Calmed,100,4124
1,36295,766,0,5,Calmed,Calmed,100,4125
1,36306,766,0,5,Calmed,Calmed,100,4126
1,36309,766,0,5,Calmed,Calmed,100,4127
1,36311,766,0,5,Calmed,Calmed,100,4128
1,36313,766,0,5,Calmed,Calmed,100,4129
1,36323,766,0,5,Calmed,Calmed,100,4130
1,36325,766,0,5,Calmed,Calmed,100,4131
1,36328,766,0,5,Calmed,Calmed,100,4132
1,36330,766,0,5,Calmed,Calmed,100,4133
1,36339,766,0,5,Calmed,Calmed,100,4134
1,36342,766,0,5,Calmed,Calmed,100,4135
1,36345,766,0,5,Calmed,Calmed,100,4136
1,36347,766,0,5,Calmed,Calmed,100,4137
1,36356,766,0,5,Calmed,Calmed,100,4138
1,36358,766,0,5,Calmed,Calmed,100,4139
1,36361,766,0,5,Calmed,Calmed,100,4140
1,36363,766,0,5,Calmed,Calmed,100,4141
1,36372,766,0,5,Calmed,Calmed,100,4142
1,36375,766,0,5,Calmed,Calmed,100,4143
1,36377,766,0,5,Calmed,Calmed,100,4144
1,36380,766,0,5,Calmed,Calmed,100,4145
1,36389,766,0,5,Calmed,Calmed,100,4146
1,36391,766,0,5,Calmed,Calmed,100,4147
1,36394,766,0,5,Calmed,Calmed,100,4148
1,36396,766,0,5,Calmed,Calmed,100,4149
1,36405,766,0,5,Calmed,Calmed,100,4150
1,36408,766,0,5,Calmed,Calmed,100,4151
1,36410,766,0,5,Calmed,Calmed,100,4152
1,36413,766,0,5,Calmed,Calmed,100,4153
1,36423,766,0,5,Calmed,Calmed,100,4154
1,36425,766,0,5,Calmed,Calmed,100,4155
1,36428,766,0,5,Calmed,Calmed,100,4156
1,36430,766,0,5,Calmed,Calmed,100,4157
1,36439,766,0,5,Calmed,Calmed,100,4158
1,36442,766,0,5,Calmed,Calmed,100,4159
1,36444,766,0,5,Calmed,Calmed,100,4160
1,36447,766,0,5,Calmed,Calmed,100,4161
1,36456,766,0,5,Calmed,Calmed,100,4162
1,36458,766,0,5,Calmed,Calmed,100,4163
1,36461,766,0,5,Calmed,Calmed,100,4164
1,36463,766,0,5,Calmed,Calmed,100,4165
1,36472,766,0,5,Calmed,Calmed,100,4166
1,36475,766,0,5,Calmed,Calmed,100,4167
1,36477,766,0,5,Calmed,Calmed,100,4168
1,36480,766,0,5,Calmed,Calmed,100,4169
1,36489,766,0,5,Calmed,Calmed,100,4170
1,36492,766,0,5,Calmed,Calmed,100,4171
1,36494,766,0,5,Calmed,Calmed,100,4172
1,36497,766,0,5,Calmed,Calmed,100,4173
1,36506,766,0,5,Calmed,Calmed,100,4174
1,36508,766,0,5,Calmed,Calmed,100,4175
1,36511,766,0,5,Calmed,Calmed,100,4176
1,36513,766,0,5,Calmed,Calmed,100,4177
1,36523,766,0,5,Calmed,Calmed,100,4178
1,36526,766,0,5,Calmed,Calmed,100,4179
1,36529,766,0,5,Calmed,Calmed,100,4180
1,36532,766,0,5,Calmed,Calmed,100,4181
1,36539,766,0,5,Calmed,Calmed,100,4182
1,36542,766,0,5,Calmed,Calmed,100,4183
1,36544,766,0,5,Calmed,Calmed,100,4184
1,36547,766,0,5,Calmed,Calmed,100,4185
1,36556,766,0,5,Calmed,Calmed,100,4186
1,36558,766,0,5,Calmed,Calmed,100,4187
1,36561,766,0,5,Calmed,Calmed,100,4188
1,36564,766,0,5,Calmed,Calmed,100,4189
1,36572,766,0,5,Calmed,Calmed,100,4190
1,36575,766,0,5,Calmed,Calmed,100,4191
1,36577,766,0,5,Calmed,Calmed,100,4192
1,36580,766,0,5,Calmed,Calmed,100,4193
1,36589,766,0,5,Calmed,Calmed,100,4194
1,36592,766,0,5,Calmed,Calmed,100,4195
1,36594,766,0,5,Calmed,Calmed,100,4196
1,36596,766,0,5,Calmed,Calmed,100,4197
1,36606,766,0,5,Calmed,Calmed,100,4198
1,36608,766,0,5,Calmed,Calmed,100,4199
1,36611,766,0,5,Calmed,Calmed,100,4200
1,36613,766,0,5,Calmed,Calmed,100,4201
1,36622,766,0,5,Calmed,Calmed,100,4202
1,36625,766,0,5,Calmed,Calmed,100,4203
1,36628,766,0,5,Calmed,Calmed,100,4204
1,36630,766,0,5,Calmed,Calmed,100,4205
1,36639,766,0,5,Calmed,Calmed,100,4206
1,36641,766,0,5,Calmed,Calmed,100,4207
1,36644,766,0,5,Calmed,Calmed,100,4208
1,36646,766,0,5,Calmed,Calmed,100,4209
1,36655,766,0,5,Calmed,Calmed,100,4210
1,36658,766,0,5,Calmed,Calmed,100,4211
1,36661,766,0,5,Calmed,Calmed,100,4212
1,36663,766,0,5,Calmed,Calmed,100,4213
1,36672,766,0,5,Calmed,Calmed,100,4214
1,36675,766,0,5,Calmed,Calmed,100,4215
1,36677,766,0,5,Calmed,Calmed,100,4216
1,36680,766,0,5,Calmed,Calmed,100,4217
1,36689,766,0,5,Calmed,Calmed,100,4218
1,36691,766,0,5,Calmed,Calmed,100,4219
1,36694,766,0,5,Calmed,Calmed,100,4220
1,36696,766,0,5,Calmed,Calmed,100,4221
1,36706,766,0,5,Calmed,Calmed,100,4222
1,36708,766,0,5,Calmed,Calmed,100,4223
1,36710,766,0,5,Calmed,Calmed,100,4224
1,36713,766,0,5,Calmed,Calmed,100,4225
1,36722,766,0,5,Calmed,Calmed,100,4226
1,36725,766,0,5,Calmed,Calmed,100,4227
1,36727,766,0,5,Calmed,Calmed,100,4228
1,36730,766,0,5,Calmed,Calmed,100,4229
1,36739,766,0,5,Calmed,Calmed,100,4230
1,36741,766,0,5,Calmed,Calmed,100,4231
1,36744,766,0,5,Calmed,Calmed,100,4232
1,36746,766,0,5,Calmed,Calmed,100,4233
1,36756,766,0,5,Calmed,Calmed,100,4234
1,36759,766,0,5,Calmed,Calmed,100,4235
1,36762,766,0,5,Calmed,Calmed,100,4236
1,36764,766,0,5,Calmed,Calmed,100,4237
1,36773,766,0,5,Calmed,Calmed,100,4238
1,36776,766,0,5,Calmed,Calmed,100,4239
1,36778,766,0,5,Calmed,Calmed,100,4240
1,36781,766,0,5,Calmed,Calmed,100,4241
1,36789,766,0,5,Calmed,Calmed,100,4242
1,36792,766,0,5,Calmed,Calmed,100,4243
1,36795,766,0,5,Calmed,Calmed,100,4244
1,36797,766,0,5,Calmed,Calmed,100,4245
1,36806,766,0,5,Calmed,Calmed,100,4246
1,36809,766,0,5,Calmed,Calmed,100,4247
1,36812,766,0,5,Calmed,Calmed,100,4248
1,36815,766,0,5,Calmed,Calmed,100,4249
1,36823,766,0,5,Calmed,Calmed,100,4250
1,36825,766,0,5,Calmed,Calmed,100,4251
1,36828,766,-1,5,Calmed,Calmed,100,4252
1,36830,766,-1,5,Calmed,Calmed,100,4253
1,36839,766,-1,5,Calmed,Calmed,100,4254
1,36842,766,-1,5,Calmed,Calmed,100,4255
1,36845,766,-1,5,Calmed,Calmed,100,4256
1,36856,766,-1,5,Calmed,Calmed,100,4257
1,36859,766,-1,5,Calmed,Calmed,100,4258
1,36861,766,-1,5,Calmed,Calmed,100,4259
1,36864,766,-1,5,Calmed,Calmed,100,4260
1,36873,766,-1,5,Calmed,Calmed,100,4261
1,36875,766,-1,5,Calmed,Calmed,100,4262
1,36878,766,0,5,Calmed,Calmed,100,4263
1,36880,766,0,5,Calmed,Calmed,100,4264
1,36889,766,0,5,Calmed,Calmed,100,4265
1,36892,766,0,5,Calmed,Calmed,100,4266
1,36895,766,0,5,Calmed,Calmed,100,4267
1,36898,766,0,5,Calmed,Calmed,100,4268
1,36906,766,0,5,Calmed,Calmed,100,4269
1,36909,766,0,5,Calmed,Calmed,100,4270
1,36912,766,0,5,Calmed,Calmed,100,4271
1,36923,766,0,5,Calmed,Calmed,100,4272
1,36925,766,0,5,Calmed,Calmed,100,4273
1,36928,766,0,5,Calmed,Calmed,100,4274
1,36930,766,0,5,Calmed,Calmed,100,4275
1,36939,766,0,5,Calmed,Calmed,100,4276
1,36942,766,0,5,Calmed,Calmed,100,4277
1,36945,766,0,5,Calmed,Calmed,100,4278
1,36956,766,0,5,Calmed,Calmed,100,4279
1,36959,766,0,5,Calmed,Calmed,100,4280
1,36961,766,0,5,Calmed,Calmed,100,4281
1,36964,766,0,5,Calmed,Calmed,100,4282
1,36973,766,0,5,Calmed,Calmed,100,4283
1,36975,766,0,5,Calmed,Calmed,100,4284
1,36978,766,0,5,Calmed,Calmed,100,4285
1,36989,766,0,5,Calmed,Calmed,100,4286
1,36992,766,0,5,Calmed,Calmed,100,4287
1,36995,766,0,5,Calmed,Calmed,100,4288
1,37006,766,0,5,Calmed,Calmed,100,4289
1,37009,766,0,5,Calmed,Calmed,100,4290
1,37011,766,0,5,Calmed,Calmed,100,4291
1,37023,766,0,5,Calmed,Calmed,100,4292
1,37026,766,0,5,Calmed,Calmed,100,4293
1,37029,766,0,5,Calmed,Calmed,100,4294
1,37032,766,-1,5,Calmed,Calmed,100,4295
1,37039,766,-1,5,Calmed,Calmed,100,4296
1,37042,766,-1,5,Calmed,Calmed,100,4297
1,37045,766,-1,5,Calmed,Calmed,100,4298
1,37048,766,-1,5,Calmed,Calmed,100,4299
1,37056,766,-1,5,Calmed,Calmed,100,4300
1,37059,766,-1,5,Calmed,Calmed,100,4301
1,37062,766,-1,5,Calmed,Calmed,100,4302
1,37073,766,-1,5,Calmed,Calmed,100,4303
1,37075,766,-1,5,Calmed,Calmed,100,4304
1,37078,766,-1,5,Calmed,Calmed,100,4305
1,37081,766,0,5,Calmed,Calmed,100,4306
1,37089,766,0,5,Calmed,Calmed,100,4307
1,37092,766,0,5,Calmed,Calmed,100,4308
1,37095,766,0,5,Calmed,Calmed,100,4309
1,37097,766,0,5,Calmed,Calmed,100,4310
1,37106,766,0,5,Calmed,Calmed,100,4311
1,37109,766,0,5,Calmed,Calmed,100,4312
1,37112,766,0,5,Calmed,Calmed,100,4313
1,37123,766,0,5,Calmed,Calmed,100,4314
1,37125,766,0,5,Calmed,Calmed,100,4315
1,37128,766,0,5,Calmed,Calmed,100,4316
1,37131,766,0,5,Calmed,Calmed,100,4317
1,37140,766,0,5,Calmed,Calmed,100,4318
1,37142,766,0,5,Calmed,Calmed,100,4319
1,37145,766,0,5,Calmed,Calmed,100,4320
1,37148,766,0,5,Calmed,Calmed,100,4321
1,37156,766,0,5,Calmed,Calmed,100,4322
1,37159,766,0,5,Calmed,Calmed,100,4323
1,37162,766,0,5,Calmed,Calmed,100,4324
1,37164,766,0,5,Calmed,Calmed,100,4325
1,37173,766,0,5,Calmed,Calmed,100,4326
1,37175,766,0,5,Calmed,Calmed,100,4327
1,37178,766,0,5,Calmed,Calmed,100,4328
1,37181,766,0,5,Calmed,Calmed,100,4329
1,37189,766,-1,5,Calmed,Calmed,100,4330
1,37192,766,-1,5,Calmed,Calmed,100,4331
1,37195,766,-1,5,Calmed,Calmed,100,4332
1,37206,766,-1,5,Calmed,Calmed,100,4333
1,37209,766,-1,5,Calmed,Calmed,100,4334
1,37212,766,-1,5,Calmed,Calmed,100,4335
1,37223,766,-1,5,Calmed,Calmed,100,4336
1,37225,766,-1,5,Calmed,Calmed,100,4337
1,37228,766,-1,5,Calmed,Calmed,100,4338
1,37231,766,-1,5,Calmed,Calmed,100,4339
1,37239,766,-1,5,Calmed,Calmed,100,4340
1,37242,766,0,5,Calmed,Calmed,100,4341
1,37245,766,0,5,Calmed,Calmed,100,4342
1,37248,766,0,5,Calmed,Calmed,100,4343
1,37256,766,0,5,Calmed,Calmed,100,4344
1,37258,766,0,5,Calmed,Calmed,100,4345
1,37261,766,0,5,Calmed,Calmed,100,4346
1,37264,766,0,5,Calmed,Calmed,100,4347
1,37273,766,0,5,Calmed,Calmed,100,4348
1,37276,766,0,5,Calmed,Calmed,100,4349
1,37278,766,0,5,Calmed,Calmed,100,4350
1,37281,766,0,5,Calmed,Calmed,100,4351
1,37289,766,0,5,Calmed,Calmed,100,4352
1,37292,766,-1,5,Calmed,Calmed,100,4353
1,37295,766,-1,5,Calmed,Calmed,100,4354
1,37306,766,-1,5,Calmed,Calmed,100,4355
1,37309,766,-1,5,Calmed,Calmed,100,4356
1,37312,766,-1,5,Calmed,Calmed,100,4357
1,37314,766,-1,5,Calmed,Calmed,100,4358
1,37323,766,-1,5,Calmed,Calmed,100,4359
1,37326,766,-1,5,Calmed,Calmed,100,4360
1,37328,766,-1,5,Calmed,Calmed,100,4361
1,37331,766,-1,5,Calmed,Calmed,100,4362
1,37339,766,-1,5,Calmed,Calmed,100,4363
1,37342,766,0,5,Calmed,Calmed,100,4364
1,37345,766,0,5,Calmed,Calmed,100,4365
1,37348,766,0,5,Calmed,Calmed,100,4366
1,37356,766,0,5,Calmed,Calmed,100,4367
1,37359,766,0,5,Calmed,Calmed,100,4368
1,37362,766,0,5,Calmed,Calmed,100,4369
1,37373,766,0,5,Calmed,Calmed,100,4370
1,37376,766,0,5,Calmed,Calmed,100,4371
1,37379,766,0,5,Calmed,Calmed,100,4372
1,37381,766,0,5,Calmed,Calmed,100,4373
1,37389,766,0,5,Calmed,Calmed,100,4374
1,37392,766,0,5,Calmed,Calmed,100,4375
1,37395,766,0,5,Calmed,Calmed,100,4376
1,37398,766,0,5,Calmed,Calmed,100,4377
1,37406,766,0,5,Calmed,Calmed,100,4378
1,37409,766,0,5,Calmed,Calmed,100,4379
1,37412,766,0,5,Calmed,Calmed,100,4380
1,37423,766,0,5,Calmed,Calmed,100,4381
1,37425,766,0,5,Calmed,Calmed,100,4382
1,37428,766,0,5,Calmed,Calmed,100,4383
1,37439,766,0,5,Calmed,Calmed,100,4384
1,37442,766,0,5,Calmed,Calmed,100,4385
1,37445,766,0,5,Calmed,Calmed,100,4386
1,37456,766,0,5,Calmed,Calmed,100,4387
1,37459,766,0,5,Calmed,Calmed,100,4388
1,37462,766,0,5,Calmed,Calmed,100,4389
1,37464,766,0,5,Calmed,Calmed,100,4390
1,37473,766,0,5,Calmed,Calmed,100,4391
1,37475,766,0,5,Calmed,Calmed,100,4392
1,37478,766,0,5,Calmed,Calmed,100,4393
1,37481,766,0,5,Calmed,Calmed,100,4394
1,37489,766,0,5,Calmed,Calmed,100,4395
1,37492,766,0,5,Calmed,Calmed,100,4396
1,37495,766,0,5,Calmed,Calmed,100,4397
1,37506,766,0,5,Calmed,Calmed,100,4398
1,37509,766,0,5,Calmed,Calmed,100,4399
1,37511,766,0,5,Calmed,Calmed,100,4400
1,37514,766,0,5,Calmed,Calmed,100,4401
1,37523,766,0,5,Calmed,Calmed,100,4402
1,37525,766,0,5,Calmed,Calmed,100,4403
1,37528,766,0,5,Calmed,Calmed,100,4404
1,37531,766,0,5,Calmed,Calmed,100,4405
1,37539,766,0,5,Calmed,Calmed,100,4406
1,37542,766,0,5,Calmed,Calmed,100,4407
1,37545,766,0,5,Calmed,Calmed,100,4408
1,37548,766,0,5,Calmed,Calmed,100,4409
1,37556,766,0,5,Calmed,Calmed,100,4410
1,37559,766,0,5,Calmed,Calmed,100,4411
1,37561,766,0,5,Calmed,Calmed,100,4412
1,37564,766,0,5,Calmed,Calmed,100,4413
1,37573,766,0,5,Calmed,Calmed,100,4414
1,37576,766,0,5,Calmed,Calmed,100,4415
1,37578,766,0,5,Calmed,Calmed,100,4416
1,37589,766,0,5,Calmed,Calmed,100,4417
1,37592,766,0,5,Calmed,Calmed,100,4418
1,37595,766,0,5,Calmed,Calmed,100,4419
1,37598,766,0,5,Calmed,Calmed,100,4420
1,37606,766,0,5,Calmed,Calmed,100,4421
1,37609,766,0,5,Calmed,Calmed,100,4422
1,37612,766,0,5,Calmed,Calmed,100,4423
1,37614,766,0,5,Calmed,Calmed,100,4424
1,37623,766,0,5,Calmed,Calmed,100,4425
1,37625,766,0,5,Calmed,Calmed,100,4426
1,37628,766,0,5,Calmed,Calmed,100,4427
1,37631,766,0,5,Calmed,Calmed,100,4428
1,37639,766,0,5,Calmed,Calmed,100,4429
1,37642,766,0,5,Calmed,Calmed,100,4430
1,37645,766,0,5,Calmed,Calmed,100,4431
1,37648,766,0,5,Calmed,Calmed,100,4432
1,37656,766,0,5,Calmed,Calmed,100,4433
1,37659,766,0,5,Calmed,Calmed,100,4434
1,37661,766,0,5,Calmed,Calmed,100,4435
1,37673,766,0,5,Calmed,Calmed,100,4436
1,37675,766,0,5,Calmed,Calmed,100,4437
1,37678,766,0,5,Calmed,Calmed,100,4438
1,37680,766,0,5,Calmed,Calmed,100,4439
1,37689,766,0,5,Calmed,Calmed,100,4440
1,37692,766,0,5,Calmed,Calmed,100,4441
1,37695,766,0,5,Calmed,Calmed,100,4442
1,37697,766,0,5,Calmed,Calmed,100,4443
1,37706,766,0,5,Calmed,Calmed,100,4444
1,37709,766,0,5,Calmed,Calmed,100,4445
1,37712,766,0,5,Calmed,Calmed,100,4446
1,37714,766,0,5,Calmed,Calmed,100,4447
1,37723,766,0,5,Calmed,Calmed,100,4448
1,37725,766,0,5,Calmed,Calmed,100,4449
1,37728,766,0,5,Calmed,Calmed,100,4450
1,37731,766,0,5,Calmed,Calmed,100,4451
1,37739,766,0,5,Calmed,Calmed,100,4452
1,37742,766,0,5,Calmed,Calmed,100,4453
1,37745,766,0,5,Calmed,Calmed,100,4454
1,37748,766,0,5,Calmed,Calmed,100,4455
1,37756,766,0,5,Calmed,Calmed,100,4456
1,37759,766,0,5,Calmed,Calmed,100,4457
1,37762,766,0,5,Calmed,Calmed,100,4458
1,37773,766,0,5,Calmed,Calmed,100,4459
1,37775,766,0,5,Calmed,Calmed,100,4460
1,37778,766,0,5,Calmed,Calmed,100,4461
1,37781,766,0,5,Calmed,Calmed,100,4462
1,37789,766,0,5,Calmed,Calmed,100,4463
1,37792,766,0,5,Calmed,Calmed,100,4464
1,37795,766,0,5,Calmed,Calmed,100,4465
1,37806,766,0,5,Calmed,Calmed,100,4466
1,37809,766,0,5,Calmed,Calmed,100,4467
1,37812,766,0,5,Calmed,Calmed,100,4468
1,37823,766,0,5,Calmed,Calmed,100,4469
1,37826,766,0,5,Calmed,Calmed,100,4470
1,37828,766,0,5,Calmed,Calmed,100,4471
1,37839,766,0,5,Calmed,Calmed,100,4472
1,37842,766,0,5,Calmed,Calmed,100,4473
1,37845,766,0,5,Calmed,Calmed,100,4474
1,37856,766,0,5,Calmed,Calmed,100,4475
1,37859,766,0,5,Calmed,Calmed,100,4476
1,37862,766,0,5,Calmed,Calmed,100,4477
1,37865,766,0,5,Calmed,Calmed,100,4478
1,37873,766,0,5,Calmed,Calmed,100,4479
1,37875,766,0,5,Calmed,Calmed,100,4480
1,37878,766,0,5,Calmed,Calmed,100,4481
1,37881,766,0,5,Calmed,Calmed,100,4482
1,37889,766,0,5,Calmed,Calmed,100,4483
1,37892,766,0,5,Calmed,Calmed,100,4484
1,37895,766,0,5,Calmed,Calmed,100,4485
1,37898,766,0,5,Calmed,Calmed,100,4486
1,37906,766,0,5,Calmed,Calmed,100,4487
1,37909,766,-1,5,Calmed,Calmed,100,4488
1,37912,766,-1,5,Calmed,Calmed,100,4489
1,37915,766,-1,5,Calmed,Calmed,100,4490
1,37923,766,-1,5,Calmed,Calmed,100,4491
1,37925,766,-1,5,Calmed,Calmed,100,4492
1,37928,766,-1,5,Calmed,Calmed,100,4493
1,37931,766,-1,5,Calmed,Calmed,100,4494
1,37939,766,-1,5,Calmed,Calmed,100,4495
1,37942,766,-1,5,Calmed,Calmed,100,4496
1,37944,766,-1,5,Calmed,Calmed,100,4497
1,37947,766,-1,5,Calmed,Calmed,100,4498
1,37956,766,-1,5,Calmed,Calmed,100,4499
1,37959,766,-1,5,Calmed,Calmed,100,4500
1,37961,766,-1,5,Calmed,Calmed,100,4501
1,37964,766,-1,5,Calmed,Calmed,100,4502
1,37973,766,-1,5,Calmed,Calmed,100,4503
1,37975,766,-1,5,Calmed,Calmed,100,4504
1,37978,766,-1,5,Calmed,Calmed,100,4505
1,37989,766,-1,5,Calmed,Calmed,100,4506
1,37992,766,-1,5,Calmed,Calmed,100,4507
1,37995,766,-1,5,Calmed,Calmed,100,4508
1,37998,766,-1,5,Calmed,Calmed,100,4509
1,38006,766,-1,5,Calmed,Calmed,100,4510
1,38009,766,0,5,Calmed,Calmed,100,4511
2,56024,757,-3,5,Excited,Calmed,0,4511
2,56028,757,-3,5,Excited,Calmed,0,4511
2,56030,757,-3,5,Excited,Calmed,0,4511
2,56038,757,-3,5,Excited,Calmed,0,4511
2,56041,757,-3,5,Excited,Calmed,0,4511
2,56043,757,-3,5,Excited,Calmed,0,4511
2,56045,757,-3,5,Excited,Calmed,0,4511
2,56055,757,-3,5,Excited,Calmed,0,4511
2,56058,757,-3,5,Excited,Calmed,0,4511
2,56060,757,-3,5,Excited,Calmed,0,4511
2,56062,757,-3,5,Excited,Calmed,0,4511
2,56072,757,-3,5,Excited,Calmed,0,4511
2,56074,757,-3,5,Excited,Calmed,0,4511
2,56077,757,-3,5,Excited,Calmed,0,4511
2,56079,757,-3,5,Excited,Calmed,0,4511
2,56088,757,-3,5,Excited,Calmed,0,4511
2,56091,757,-3,5,Excited,Calmed,0,4511
2,56094,757,-3,5,Excited,Calmed,0,4511
2,56096,757,-3,5,Excited,Calmed,0,4511
2,56105,757,-3,5,Excited,Calmed,0,4511
2,56108,757,-3,5,Excited,Calmed,0,4511
2,56110,757,-3,5,Excited,Calmed,0,4511
2,56113,757,-3,5,Excited,Calmed,0,4511
2,56122,757,-3,5,Excited,Calmed,0,4511
2,56124,757,-3,5,Excited,Calmed,0,4511
2,56127,757,-3,5,Excited,Calmed,0,4511
2,56129,757,-3,5,Excited,Calmed,0,4511
2,56139,757,-3,5,Excited,Calmed,0,4511
2,56142,757,-3,5,Excited,Calmed,0,4511
2,56144,757,-3,5,Excited,Calmed,0,4511
2,56146,757,-3,5,Excited,Calmed,0,4511
2,56155,757,-3,5,Excited,Calmed,0,4511
2,56158,757,-3,5,Excited,Calmed,0,4511
2,56160,757,-3,5,Excited,Calmed,0,4511
2,56163,757,-3,5,Excited,Calmed,0,4511
2,56172,757,-3,5,Excited,Calmed,0,4511
2,56174,757,-3,5,Excited,Calmed,0,4511
2,56177,757,-3,5,Excited,Calmed,0,4511
2,56179,757,-3,5,Excited,Calmed,0,4511
2,56188,757,-3,5,Excited,Calmed,0,4511
2,56191,757,-3,5,Excited,Calmed,0,4511
2,56193,757,-3,5,Excited,Calmed,0,4511
2,56195,757,-3,5,Excited,Calmed,0,4511
2,56205,757,-3,5,Excited,Calmed,0,4511
2,56208,757,-3,5,Excited,Calmed,0,4511
2,56210,757,-3,5,Excited,Calmed,0,4511
2,56212,757,-3,5,Excited,Calmed,0,4511
2,56222,757,-3,5,Excited,Calmed,0,4511
2,56224,757,-3,5,Excited,Calmed,0,4511
2,56227,757,-3,5,Excited,Calmed,0,4511
2,56229,757,-3,5,Excited,Calmed,0,4511
2,56239,757,-3,5,Excited,Calmed,0,4511
2,56241,757,-3,5,Excited,Calmed,0,4511
2,56244,757,-3,5,Excited,Calmed,0,4511
2,56246,757,-3,5,Excited,Calmed,0,4511
2,56255,757,-3,5,Excited,Calmed,0,4511
2,56258,757,-3,5,Excited,Calmed,0,4511
2,56261,757,-3,5,Excited,Calmed,0,4511
2,56272,757,-3,5,Excited,Calmed,0,4511
2,56274,757,-3,5,Excited,Calmed,0,4511
2,56277,757,-3,5,Excited,Calmed,0,4511
2,56279,757,-3,5,Excited,Calmed,0,4511
2,56288,757,-3,5,Excited,Calmed,0,4511
2,56291,757,-3,5,Excited,Calmed,0,4511
2,56293,757,-3,5,Excited,Calmed,0,4511
2,56296,757,-3,5,Excited,Calmed,0,4511
2,56305,757,-3,5,Excited,Calmed,0,4511
2,56308,757,-3,5,Excited,Calmed,0,4511
2,56310,757,-3,5,Excited,Calmed,0,4511
2,56313,757,-3,5,Excited,Calmed,0,4511
2,56322,757,-3,5,Excited,Calmed,0,4511
2,56324,757,-3,5,Excited,Calmed,0,4511
2,56327,757,-3,5,Excited,Calmed,0,4511
2,56329,757,-3,5,Excited,Calmed,0,4511
2,56338,757,-3,5,Excited,Calmed,0,4511
2,56341,756,-4,5,Excited,Calmed,0,4511
2,56343,756,-4,5,Excited,Calmed,0,4511
2,56345,756,-4,5,Excited,Calmed,0,4511
2,56355,756,-4,5,Excited,Calmed,0,4511
2,56358,756,-4,5,Excited,Calmed,0,4511
2,56360,756,-4,5,Excited,Calmed,0,4511
2,56362,756,-4,5,Excited,Calmed,0,4511
2,56372,756,-4,5,Excited,Calmed,0,4511
2,56374,756,-4,5,Excited,Calmed,0,4511
2,56377,756,-4,5,Excited,Calmed,0,4511
2,56379,756,-4,5,Excited,Calmed,0,4511
2,56388,756,-4,5,Excited,Calmed,0,4511
2,56391,756,-4,5,Excited,Calmed,0,4511
2,56393,756,-4,5,Excited,Calmed,0,4511
2,56396,756,-4,5,Excited,Calmed,0,4511
2,56405,756,-4,5,Excited,Calmed,0,4511
2,56408,756,-4,5,Excited,Calmed,0,4511
2,56410,756,-4,5,Excited,Calmed,0,4511
2,56412,756,-4,5,Excited,Calmed,0,4511
2,56422,756,-4,5,Excited,Calmed,0,4511
2,56424,756,-4,5,Excited,Calmed,0,4511
2,56427,756,-4,5,Excited,Calmed,0,4511
2,56429,756,-4,5,Excited,Calmed,0,4511
2,56439,756,-4,5,Excited,Calmed,0,4511
2,56441,756,-4,5,Excited,Calmed,0,4511
2,56443,756,-4,5,Excited,Calmed,0,4511
2,56446,756,-4,5,Excited,Calmed,0,4511
2,56455,756,-4,5,Excited,Calmed,0,4511
2,56458,756,-4,5,Excited,Calmed,0,4511
2,56460,756,-4,5,Excited,Calmed,0,4511
2,56462,756,-4,5,Excited,Calmed,0,4511
2,56472,756,-4,5,Excited,Calmed,0,4511
2,56474,756,-4,5,Excited,Calmed,0,4511
2,56477,756,-4,5,Excited,Calmed,0,4511
2,56479,756,-4,5,Excited,Calmed,0,4511
2,56489,756,-4,5,Excited,Calmed,0,4511
2,56491,756,-4,5,Excited,Calmed,0,4511
2,56494,756,-4,5,Excited,Calmed,0,4511
2,56496,756,-4,5,Excited,Calmed,0,4511
2,56505,756,-4,5,Excited,Calmed,0,4511
2,56508,756,-4,5,Excited,Calmed,0,4511
2,56510,756,-4,5,Excited,Calmed,0,4511
2,56513,756,-4,5,Excited,Calmed,0,4511
2,56522,756,-4,5,Excited,Calmed,0,4511
2,56525,756,-4,5,Excited,Calmed,0,4511
2,56527,756,-4,5,Excited,Calmed,0,4511
2,56529,756,-4,5,Excited,Calmed,0,4511
2,56539,756,-4,5,Excited,Calmed,0,4511
2,56541,756,-4,5,Excited,Calmed,0,4511
2,56544,756,-4,5,Excited,Calmed,0,4511
2,56546,756,-4,5,Excited,Calmed,0,4511
2,56555,756,-4,5,Excited,Calmed,0,4511
2,56558,756,-4,5,Excited,Calmed,0,4511
2,56560,756,-4,5,Excited,Calmed,0,4511
2,56562,756,-4,5,Excited,Calmed,0,4511
2,56572,756,-4,5,Excited,Calmed,0,4511
2,56574,756,-4,5,Excited,Calmed,0,4511
2,56577,756,-4,5,Excited,Calmed,0,4511
2,56579,756,-4,5,Excited,Calmed,0,4511
2,56588,756,-4,5,Excited,Calmed,0,4511
2,56591,756,-4,5,Excited,Calmed,0,4511
2,56593,756,-4,5,Excited,Calmed,0,4511
2,56596,756,-4,5,Excited,Calmed,0,4511
2,56605,756,-4,5,Excited,Calmed,0,4511
2,56608,756,-4,5,Excited,Calmed,0,4511
2,56610,756,-4,5,Excited,Calmed,0,4511
2,56613,756,-4,5,Excited,Calmed,0,4511
2,56622,756,-4,5,Excited,Calmed,0,4511
2,56624,756,-4,5,Excited,Calmed,0,4511
2,56627,756,-4,5,Excited,Calmed,0,4511
2,56629,756,-4,5,Excited,Calmed,0,4511
2,56638,756,-4,5,Excited,Calmed,0,4511
2,56641,756,-4,5,Excited,Calmed,0,4511
2,56643,756,-4,5,Excited,Calmed,0,4511
2,56646,756,-4,5,Excited,Calmed,0,4511
2,56655,756,-4,5,Excited,Calmed,0,4511
2,56658,756,-4,5,Excited,Calmed,0,4511
2,56660,756,-4,5,Excited,Calmed,0,4511
2,56662,756,-4,5,Excited,Calmed,0,4511
2,56672,756,-4,5,Excited,Calmed,0,4511
2,56674,756,-4,5,Excited,Calmed,0,4511
2,56677,756,-4,5,Excited,Calmed,0,4511
2,56679,756,-4,5,Excited,Calmed,0,4511
2,56688,756,-4,5,Excited,Calmed,0,4511
2,56691,756,-4,5,Excited,Calmed,0,4511
2,56693,756,-4,5,Excited,Calmed,0,4511
2,56696,756,-4,5,Excited,Calmed,0,4511
2,56705,756,-4,5,Excited,Calmed,0,4511
2,56708,756,-4,5,Excited,Calmed,0,4511
2,56710,756,-4,5,Excited,Calmed,0,4511
2,56713,756,-4,5,Excited,Calmed,0,4511
2,56722,756,-4,5,Excited,Calmed,0,4511
2,56724,756,-4,5,Excited,Calmed,0,4511
2,56727,756,-4,5,Excited,Calmed,0,4511
2,56729,756,-4,5,Excited,Calmed,0,4511
2,56738,756,-4,5,Excited,Calmed,0,4511
2,56741,756,-4,5,Excited,Calmed,0,4511
2,56743,756,-4,5,Excited,Calmed,0,4511
2,56746,756,-4,5,Excited,Calmed,0,4511
2,56755,756,-4,5,Excited,Calmed,0,4511
2,56758,756,-4,5,Excited,Calmed,0,4511
2,56760,756,-4,5,Excited,Calmed,0,4511
2,56762,756,-4,5,Excited,Calmed,0,4511
2,56772,756,-4,5,Excited,Calmed,0,4511
2,56774,756,-4,5,Excited,Calmed,0,4511
2,56777,756,-4,5,Excited,Calmed,0,4511
2,56779,756,-4,5,Excited,Calmed,0,4511
2,56788,756,-4,5,Excited,Calmed,0,4511
2,56791,756,-4,5,Excited,Calmed,0,4511
2,56793,756,-4,5,Excited,Calmed,0,4511
2,56796,756,-4,5,Excited,Calmed,0,4511
2,56805,756,-4,5,Excited,Calmed,0,4511
2,56808,756,-4,5,Excited,Calmed,0,4511
2,56810,756,-4,5,Excited,Calmed,0,4511
2,56812,756,-4,5,Excited,Calmed,0,4511
2,56822,756,-4,5,Excited,Calmed,0,4511
2,56824,756,-4,5,Excited,Calmed,0,4511
2,56827,756,-4,5,Excited,Calmed,0,4511
2,56829,756,-4,5,Excited,Calmed,0,4511
2,56838,756,-4,5,Excited,Calmed,0,4511
2,56841,756,-4,5,Excited,Calmed,0,4511
2,56843,756,-4,5,Excited,Calmed,0,4511
2,56846,756,-4,5,Excited,Calmed,0,4511
2,56855,756,-4,5,Excited,Calmed,0,4511
2,56858,755,-5,5,Excited,Calmed,0,4511
2,56860,755,-5,5,Excited,Calmed,0,4511
2,56862,755,-5,5,Excited,Calmed,0,4511
2,56872,755,-5,5,Excited,Calmed,0,4511
2,56874,755,-5,5,Excited,Calmed,0,4511
2,56877,755,-5,5,Excited,Calmed,0,4511
2,56879,755,-5,5,Excited,Calmed,0,4511
2,56888,755,-5,5,Excited,Calmed,0,4511
2,56891,755,-5,5,Excited,Calmed,0,4511
2,56893,755,-5,5,Excited,Calmed,0,4511
2,56896,755,-5,5,Excited,Calmed,0,4511
2,56905,755,-5,5,Excited,Calmed,0,4511
2,56907,755,-5,5,Excited,Calmed,0,4511
2,56910,755,-5,5,Excited,Calmed,0,4511
2,56912,755,-5,5,Excited,Calmed,0,4511
2,56922,755,-5,5,Excited,Calmed,0,4511
2,56924,755,-5,5,Excited,Calmed,0,4511
2,56927,755,-5,5,Excited,Calmed,0,4511
2,56929,755,-5,5,Excited,Calmed,0,4511
2,56939,755,-5,5,Excited,Calmed,0,4511
2,56941,755,-5,5,Excited,Calmed,0,4511
2,56944,755,-5,5,Excited,Calmed,0,4511
2,56946,755,-5,5,Excited,Calmed,0,4511
2,56955,755,-5,5,Excited,Calmed,0,4511
2,56958,755,-4,5,Excited,Calmed,0,4511
2,56960,755,-4,5,Excited,Calmed,0,4511
2,56962,755,-4,5,Excited,Calmed,0,4511
2,56972,755,-4,5,Excited,Calmed,0,4511
2,56974,755,-4,5,Excited,Calmed,0,4511
2,56977,755,-4,5,Excited,Calmed,0,4511
2,56979,755,-4,5,Excited,Calmed,0,4511
2,56988,755,-4,5,Excited,Calmed,0,4511
2,56991,755,-4,5,Excited,Calmed,0,4511
2,56993,755,-4,5,Excited,Calmed,0,4511
2,56996,755,-4,5,Excited,Calmed,0,4511
2,57005,755,-4,5,Excited,Calmed,0,4511
2,57007,755,-4,5,Excited,Calmed,0,4511
2,57010,755,-4,5,Excited,Calmed,0,4511
2,57012,755,-4,5,Excited,Calmed,0,4511
2,57022,755,-4,5,Excited,Calmed,0,4511
2,57024,755,-4,5,Excited,Calmed,0,4511
2,57026,755,-4,5,Excited,Calmed,0,4511
2,57029,755,-4,5,Excited,Calmed,0,4511
2,57038,755,-4,5,Excited,Calmed,0,4511
2,57041,755,-4,5,Excited,Calmed,0,4511
2,57043,755,-4,5,Excited,Calmed,0,4511
2,57046,755,-4,5,Excited,Calmed,0,4511
2,57055,755,-4,5,Excited,Calmed,0,4511
2,57058,755,-4,5,Excited,Calmed,0,4511
2,57060,755,-5,5,Excited,Calmed,0,4511
2,57062,755,-5,5,Excited,Calmed,0,4511
2,57072,755,-5,5,Excited,Calmed,0,4511
2,57074,755,-5,5,Excited,Calmed,0,4511
2,57077,755,-5,5,Excited,Calmed,0,4511
2,57079,755,-5,5,Excited,Calmed,0,4511
2,57088,755,-5,5,Excited,Calmed,0,4511
2,57091,755,-5,5,Excited,Calmed,0,4511
2,57094,755,-5,5,Excited,Calmed,0,4511
2,57096,755,-5,5,Excited,Calmed,0,4511
2,57105,755,-5,5,Excited,Calmed,0,4511
2,57108,755,-4,5,Excited,Calmed,0,4511
2,57110,755,-4,5,Excited,Calmed,0,4511
2,57112,755,-4,5,Excited,Calmed,0,4511
2,57122,755,-4,5,Excited,Calmed,0,4511
2,57124,755,-4,5,Excited,Calmed,0,4511
2,57127,755,-4,5,Excited,Calmed,0,4511
2,57129,755,-4,5,Excited,Calmed,0,4511
2,57138,755,-4,5,Excited,Calmed,0,4511
2,57141,755,-4,5,Excited,Calmed,0,4511
2,57143,755,-4,5,Excited,Calmed,0,4511
2,57146,755,-4,5,Excited,Calmed,0,4511
2,57155,755,-4,5,Excited,Calmed,0,4511
2,57158,755,-4,5,Excited,Calmed,0,4511
2,57160,755,-4,5,Excited,Calmed,0,4511
2,57162,755,-4,5,Excited,Calmed,0,4511
2,57172,755,-4,5,Excited,Calmed,0,4511
2,57174,755,-4,5,Excited,Calmed,0,4511
2,57177,755,-4,5,Excited,Calmed,0,4511
2,57179,755,-4,5,Excited,Calmed,0,4511
2,57188,755,-4,5,Excited,Calmed,0,4511
2,57191,755,-4,5,Excited,Calmed,0,4511
2,57194,755,-4,5,Excited,Calmed,0,4511
2,57196,755,-4,5,Excited,Calmed,0,4511
2,57205,755,-4,5,Excited,Calmed,0,4511
2,57208,755,-4,5,Excited,Calmed,0,4511
2,57210,755,-4,5,Excited,Calmed,0,4511
2,57213,755,-4,5,Excited,Calmed,0,4511
2,57222,755,-4,5,Excited,Calmed,0,4511
2,57224,755,-4,5,Excited,Calmed,0,4511
2,57227,755,-4,5,Excited,Calmed,0,4511
2,57229,755,-4,5,Excited,Calmed,0,4511
2,57238,755,-4,5,Excited,Calmed,0,4511
2,57241,755,-4,5,Excited,Calmed,0,4511
2,57243,755,-4,5,Excited,Calmed,0,4511
2,57246,755,-4,5,Excited,Calmed,0,4511
2,57255,755,-4,5,Excited,Calmed,0,4511
2,57258,755,-4,5,Excited,Calmed,0,4511
2,57260,755,-4,5,Excited,Calmed,0,4511
2,57263,755,-4,5,Excited,Calmed,0,4511
2,57272,755,-4,5,Excited,Calmed,0,4511
2,57274,755,-4,5,Excited,Calmed,0,4511
2,57276,755,-4,5,Excited,Calmed,0,4511
2,57279,755,-4,5,Excited,Calmed,0,4511
2,57288,755,-4,5,Excited,Calmed,0,4511
2,57291,755,-4,5,Excited,Calmed,0,4511
2,57293,755,-4,5,Excited,Calmed,0,4511
2,57296,755,-4,5,Excited,Calmed,0,4511
2,57306,755,-4,5,Excited,Calmed,0,4511
2,57308,755,-4,5,Excited,Calmed,0,4511
2,57311,755,-4,5,Excited,Calmed,0,4511
2,57313,755,-4,5,Excited,Calmed,0,4511
2,57322,755,-4,5,Excited,Calmed,0,4511
2,57324,755,-4,5,Excited,Calmed,0,4511
2,57327,755,-4,5,Excited,Calmed,0,4511
2,57329,755,-4,5,Excited,Calmed,0,4511
2,57338,755,-4,5,Excited,Calmed,0,4511
2,57341,755,-4,5,Excited,Calmed,0,4511
2,57343,755,-4,5,Excited,Calmed,0,4511
2,57346,755,-4,5,Excited,Calmed,0,4511
2,57355,755,-4,5,Excited,Calmed,0,4511
2,57358,755,-4,5,Excited,Calmed,0,4511
2,57360,755,-4,5,Excited,Calmed,0,4511
2,57362,755,-4,5,Excited,Calmed,0,4511
2,57372,755,-4,5,Excited,Calmed,0,4511
2,57374,755,-4,5,Excited,Calmed,0,4511
2,57377,755,-4,5,Excited,Calmed,0,4511
2,57379,755,-4,5,Excited,Calmed,0,4511
2,57388,755,-4,5,Excited,Calmed,0,4511
2,57391,755,-4,5,Excited,Calmed,0,4511
2,57393,755,-4,5,Excited,Calmed,0,4511
2,57396,755,-4,5,Excited,Calmed,0,4511
2,57405,755,-4,5,Excited,Calmed,0,4511
2,57408,755,-4,5,Excited,Calmed,0,4511
2,57410,755,-4,5,Excited,Calmed,0,4511
2,57412,755,-4,5,Excited,Calmed,0,4511
2,57422,755,-4,5,Excited,Calmed,0,4511
2,57424,754,-5,5,Excited,Calmed,0,4511
2,57426,754,-5,5,Excited,Calmed,0,4511
2,57429,754,-5,5,Excited,Calmed,0,4511
2,57438,754,-5,5,Excited,Calmed,0,4511
2,57441,754,-5,5,Excited,Calmed,0,4511
2,57443,754,-5,5,Excited,Calmed,0,4511
2,57446,754,-5,5,Excited,Calmed,0,4511
2,57455,754,-5,5,Excited,Calmed,0,4511
2,57458,754,-5,5,Excited,Calmed,0,4511
2,57460,754,-5,5,Excited,Calmed,0,4511
2,57462,754,-5,5,Excited,Calmed,0,4511
2,57472,754,-5,5,Excited,Calmed,0,4511
2,57474,754,-5,5,Excited,Calmed,0,4511
2,57477,754,-5,5,Excited,Calmed,0,4511
2,57479,754,-5,5,Excited,Calmed,0,4511
2,57488,754,-5,5,Excited,Calmed,0,4511
2,57491,754,-5,5,Excited,Calmed,0,4511
2,57493,754,-5,5,Excited,Calmed,0,4511
2,57496,754,-5,5,Excited,Calmed,0,4511
2,57505,754,-5,5,Excited,Calmed,0,4511
2,57508,754,-5,5,Excited,Calmed,0,4511
2,57510,754,-5,5,Excited,Calmed,0,4511
2,57513,754,-5,5,Excited,Calmed,0,4511
2,57522,754,-5,5,Excited,Calmed,0,4511
2,57524,754,-5,5,Excited,Calmed,0,4511
2,57527,754,-5,5,Excited,Calmed,0,4511
2,57529,754,-5,5,Excited,Calmed,0,4511
2,57539,754,-5,5,Excited,Calmed,0,4511
2,57541,754,-5,5,Excited,Calmed,0,4511
2,57543,754,-5,5,Excited,Calmed,0,4511
2,57546,754,-5,5,Excited,Calmed,0,4511
2,57555,754,-5,5,Excited,Calmed,0,4511
2,57558,754,-5,5,Excited,Calmed,0,4511
2,57560,754,-5,5,Excited,Calmed,0,4511
2,57562,754,-5,5,Excited,Calmed,0,4511
2,57572,754,-5,5,Excited,Calmed,0,4511
2,57574,754,-5,5,Excited,Calmed,0,4511
2,57577,754,-5,5,Excited,Calmed,0,4511
2,57579,754,-5,5,Excited,Calmed,0,4511
2,57588,754,-5,5,Excited,Calmed,0,4511
2,57591,754,-5,5,Excited,Calmed,0,4511
2,57593,754,-5,5,Excited,Calmed,0,4511
2,57595,754,-5,5,Excited,Calmed,0,4511
2,57605,754,-5,5,Excited,Calmed,0,4511
2,57608,754,-5,5,Excited,Calmed,0,4511
2,57610,754,-5,5,Excited,Calmed,0,4511
2,57613,754,-5,5,Excited,Calmed,0,4511
2,57622,754,-5,5,Excited,Calmed,0,4511
2,57625,754,-5,5,Excited,Calmed,0,4511
2,57627,754,-5,5,Excited,Calmed,0,4511
2,57629,754,-5,5,Excited,Calmed,0,4511
2,57638,754,-5,5,Excited,Calmed,0,4511
2,57641,754,-5,5,Excited,Calmed,0,4511
2,57643,754,-5,5,Excited,Calmed,0,4511
2,57646,754,-5,5,Excited,Calmed,0,4511
2,57655,754,-5,5,Excited,Calmed,0,4511
2,57658,754,-5,5,Excited,Calmed,0,4511
2,57660,754,-5,5,Excited,Calmed,0,4511
2,57662,754,-5,5,Excited,Calmed,0,4511
2,57672,754,-5,5,Excited,Calmed,0,4511
2,57674,754,-5,5,Excited,Calmed,0,4511
2,57677,754,-5,5,Excited,Calmed,0,4511
2,57679,754,-5,5,Excited,Calmed,0,4511
2,57688,754,-5,5,Excited,Calmed,0,4511
2,57691,754,-5,5,Excited,Calmed,0,4511
2,57693,754,-5,5,Excited,Calmed,0,4511
2,57696,754,-5,5,Excited,Calmed,0,4511
2,57705,754,-5,5,Excited,Calmed,0,4511
2,57708,754,-5,5,Excited,Calmed,0,4511
2,57710,754,-5,5,Excited,Calmed,0,4511
2,57712,754,-5,5,Excited,Calmed,0,4511
2,57722,754,-5,5,Excited,Calmed,0,4511
2,57724,754,-5,5,Excited,Calmed,0,4511
2,57727,754,-5,5,Excited,Calmed,0,4511
2,57729,754,-5,5,Excited,Calmed,0,4511
2,57738,754,-5,5,Excited,Calmed,0,4511
2,57741,754,-5,5,Excited,Calmed,0,4511
2,57743,754,-5,5,Excited,Calmed,0,4511
2,57746,754,-5,5,Excited,Calmed,0,4511
2,57755,754,-5,5,Excited,Calmed,0,4511
2,57758,754,-5,5,Excited,Calmed,0,4511
2,57760,754,-5,5,Excited,Calmed,0,4511
2,57762,754,-5,5,Excited,Calmed,0,4511
2,57772,754,-5,5,Excited,Calmed,0,4511
2,57774,754,-5,5,Excited,Calmed,0,4511
2,57777,754,-5,5,Excited,Calmed,0,4511
2,57779,754,-5,5,Excited,Calmed,0,4511
2,57788,754,-5,5,Excited,Calmed,0,4511
2,57791,754,-5,5,Excited,Calmed,0,4511
2,57793,754,-5,5,Excited,Calmed,0,4511
2,57796,754,-5,5,Excited,Calmed,0,4511
2,57805,754,-5,5,Excited,Calmed,0,4511
2,57807,754,-5,5,Excited,Calmed,0,4511
2,57810,754,-5,5,Excited,Calmed,0,4511
2,57812,754,-5,5,Excited,Calmed,0,4511
2,57822,754,-5,5,Excited,Calmed,0,4511
2,57824,754,-5,5,Excited,Calmed,0,4511
2,57827,754,-5,5,Excited,Calmed,0,4511
2,57829,754,-5,5,Excited,Calmed,0,4511
2,57839,754,-5,5,Excited,Calmed,0,4511
2,57841,754,-5,5,Excited,Calmed,0,4511
2,57844,754,-5,5,Excited,Calmed,0,4511
2,57846,754,-5,5,Excited,Calmed,0,4511
2,57855,754,-5,5,Excited,Calmed,0,4511
2,57858,754,-5,5,Excited,Calmed,0,4511
2,57860,754,-5,5,Excited,Calmed,0,4511
2,57862,754,-5,5,Excited,Calmed,0,4511
2,57872,754,-5,5,Excited,Calmed,0,4511
2,57874,754,-5,5,Excited,Calmed,0,4511
2,57877,754,-5,5,Excited,Calmed,0,4511
2,57879,753,-6,5,Excited,Excited,100,4512
2,57888,753,-6,5,Excited,Excited,100,4513
2,57891,753,-6,5,Excited,Excited,100,4514
2,57893,753,-6,5,Excited,Excited,100,4515
2,57896,753,-6,5,Excited,Excited,100,4516
2,57905,753,-6,5,Excited,Excited,100,4517
2,57908,753,-6,5,Excited,Excited,100,4518
2,57911,753,-6,5,Excited,Excited,100,4519
2,57913,753,-6,5,Excited,Excited,100,4520
2,57922,753,-6,5,Excited,Excited,100,4521
2,57924,753,-6,5,Excited,Excited,100,4522
2,57927,753,-6,5,Excited,Excited,100,4523
2,57930,753,-6,5,Excited,Excited,100,4524
2,57938,754,-5,5,Excited,Excited,100,4525
2,57941,754,-5,5,Excited,Excited,100,4526
2,57943,754,-5,5,Excited,Excited,100,4527
2,57946,754,-5,5,Excited,Excited,100,4528
2,57955,754,-5,5,Excited,Excited,100,4529
2,57958,754,-5,5,Excited,Excited,100,4530
2,57960,754,-5,5,Excited,Excited,100,4531
2,57963,754,-5,5,Excited,Excited,100,4532
2,57972,754,-5,5,Excited,Excited,100,4533
2,57974,754,-5,5,Excited,Excited,100,4534
2,57977,754,-5,5,Excited,Excited,100,4535
2,57980,754,-5,5,Excited,Excited,100,4536
2,57988,754,-5,5,Excited,Excited,100,4537
2,57991,754,-4,5,Excited,Excited,100,4538
2,57994,754,-4,5,Excited,Excited,100,4539
2,57996,754,-4,5,Excited,Excited,100,4540
2,58005,754,-4,5,Excited,Excited,100,4541
2,58007,754,-4,5,Excited,Excited,100,4542
2,58010,754,-4,5,Excited,Excited,100,4543
2,58012,754,-4,5,Excited,Excited,100,4544
2,58022,754,-4,5,Excited,Excited,100,4545
2,58025,754,-4,5,Excited,Excited,100,4546
2,58027,754,-4,5,Excited,Excited,100,4547
2,58029,754,-4,5,Excited,Excited,100,4548
2,58039,754,-4,5,Excited,Excited,100,4549
2,58041,753,-5,5,Excited,Excited,100,4550
2,58044,753,-5,5,Excited,Excited,100,4551
2,58046,753,-5,5,Excited,Excited,100,4552
2,58055,753,-5,5,Excited,Excited,100,4553
2,58058,753,-5,5,Excited,Excited,100,4554
2,58060,753,-5,5,Excited,Excited,100,4555
2,58063,753,-5,5,Excited,Excited,100,4556
2,58072,753,-5,5,Excited,Excited,100,4557
2,58074,753,-5,5,Excited,Excited,100,4558
2,58077,753,-5,5,Excited,Excited,100,4559
2,58079,753,-5,5,Excited,Excited,100,4560
2,58088,753,-5,5,Excited,Excited,100,4561
2,58091,753,-5,5,Excited,Excited,100,4562
2,58093,753,-5,5,Excited,Excited,100,4563
2,58096,753,-5,5,Excited,Excited,100,4564
2,58105,753,-5,5,Excited,Excited,100,4565
2,58108,753,-5,5,Excited,Excited,100,4566
2,58110,753,-5,5,Excited,Excited,100,4567
2,58112,753,-5,5,Excited,Excited,100,4568
2,58122,753,-5,5,Excited,Excited,100,4569
2,58125,753,-5,5,Excited,Excited,100,4570
2,58127,753,-5,5,Excited,Excited,100,4571
2,58129,753,-5,5,Excited,Excited,100,4572
2,58138,753,-5,5,Excited,Excited,100,4573
2,58141,753,-5,5,Excited,Calmed,0,4573
2,58144,753,-5,5,Excited,Calmed,0,4573
2,58146,753,-5,5,Excited,Calmed,0,4573
2,58155,753,-5,5,Excited,Calmed,0,4573
2,58158,753,-5,5,Excited,Calmed,0,4573
2,58160,753,-5,5,Excited,Calmed,0,4573
2,58162,753,-5,5,Excited,Calmed,0,4573
2,58172,753,-5,5,Excited,Calmed,0,4573
2,58174,753,-5,5,Excited,Calmed,0,4573
2,58177,753,-5,5,Excited,Calmed,0,4573
2,58180,753,-5,5,Excited,Calmed,0,4573
2,58188,753,-5,5,Excited,Calmed,0,4573
2,58191,753,-5,5,Excited,Calmed,0,4573
2,58193,753,-5,5,Excited,Calmed,0,4573
2,58196,753,-5,5,Excited,Calmed,0,4573
2,58205,753,-5,5,Excited,Calmed,0,4573
2,58208,753,-5,5,Excited,Calmed,0,4573
2,58210,753,-5,5,Excited,Calmed,0,4573
2,58212,753,-5,5,Excited,Calmed,0,4573
2,58222,753,-5,5,Excited,Calmed,0,4573
2,58224,753,-5,5,Excited,Calmed,0,4573
2,58227,753,-5,5,Excited,Calmed,0,4573
2,58229,753,-5,5,Excited,Calmed,0,4573
2,58238,753,-5,5,Excited,Calmed,0,4573
2,58241,753,-5,5,Excited,Calmed,0,4573
2,58243,753,-5,5,Excited,Calmed,0,4573
2,58245,753,-5,5,Excited,Calmed,0,4573
2,58255,753,-5,5,Excited,Calmed,0,4573
2,58258,753,-5,5,Excited,Calmed,0,4573
2,58260,753,-5,5,Excited,Calmed,0,4573
2,58262,753,-5,5,Excited,Calmed,0,4573
2,58272,753,-5,5,Excited,Calmed,0,4573
2,58274,753,-5,5,Excited,Calmed,0,4573
2,58277,753,-5,5,Excited,Calmed,0,4573
2,58279,753,-5,5,Excited,Calmed,0,4573
2,58288,753,-5,5,Excited,Calmed,0,4573
2,58291,753,-5,5,Excited,Calmed,0,4573
2,58293,753,-5,5,Excited,Calmed,0,4573
2,58296,753,-5,5,Excited,Calmed,0,4573
2,58305,753,-5,5,Excited,Calmed,0,4573
2,58308,753,-5,5,Excited,Calmed,0,4573
2,58310,753,-5,5,Excited,Calmed,0,4573
2,58312,753,-5,5,Excited,Calmed,0,4573
2,58322,753,-5,5,Excited,Calmed,0,4573
2,58324,753,-5,5,Excited,Calmed,0,4573
2,58326,753,-5,5,Excited,Calmed,0,4573
2,58329,753,-5,5,Excited,Calmed,0,4573
2,58339,753,-5,5,Excited,Calmed,0,4573
2,58341,753,-5,5,Excited,Calmed,0,4573
2,58343,753,-5,5,Excited,Calmed,0,4573
2,58346,753,-5,5,Excited,Calmed,0,4573
2,58355,753,-5,5,Excited,Calmed,0,4573
2,58358,753,-5,5,Excited,Calmed,0,4573
2,58360,753,-5,5,Excited,Calmed,0,4573
2,58363,753,-5,5,Excited,Calmed,0,4573
2,58372,753,-5,5,Excited,Calmed,0,4573
2,58374,753,-5,5,Excited,Calmed,0,4573
2,58377,753,-5,5,Excited,Calmed,0,4573
2,58379,753,-5,5,Excited,Calmed,0,4573
2,58388,753,-5,5,Excited,Calmed,0,4573
2,58391,753,-5,5,Excited,Calmed,0,4573
2,58393,753,-5,5,Excited,Calmed,0,4573
2,58396,753,-5,5,Excited,Calmed,0,4573
2,58405,753,-5,5,Excited,Calmed,0,4573
2,58407,753,-5,5,Excited,Calmed,0,4573
2,58410,753,-5,5,Excited,Calmed,0,4573
2,58412,753,-5,5,Excited,Calmed,0,4573
2,58422,753,-5,5,Excited,Calmed,0,4573
2,58424,753,-5,5,Excited,Calmed,0,4573
2,58427,753,-5,5,Excited,Calmed,0,4573
2,58429,753,-5,5,Excited,Calmed,0,4573
2,58438,753,-5,5,Excited,Calmed,0,4573
2,58441,753,-5,5,Excited,Calmed,0,4573
2,58443,753,-4,5,Excited,Calmed,0,4573
2,58446,753,-4,5,Excited,Calmed,0,4573
2,58455,753,-4,5,Excited,Calmed,0,4573
2,58458,753,-4,5,Excited,Calmed,0,4573
2,58460,753,-4,5,Excited,Calmed,0,4573
2,58463,753,-4,5,Excited,Calmed,0,4573
2,58472,753,-4,5,Excited,Calmed,0,4573
2,58474,753,-4,5,Excited,Calmed,0,4573
2,58477,753,-4,5,Excited,Calmed,0,4573
2,58479,753,-4,5,Excited,Calmed,0,4573
2,58488,753,-4,5,Excited,Calmed,0,4573
2,58491,753,-4,5,Excited,Calmed,0,4573
2,58493,753,-4,5,Excited,Calmed,0,4573
2,58496,753,-4,5,Excited,Calmed,0,4573
2,58505,753,-4,5,Excited,Calmed,0,4573
2,58508,753,-4,5,Excited,Calmed,0,4573
2,58510,753,-4,5,Excited,Calmed,0,4573
2,58512,753,-4,5,Excited,Calmed,0,4573
2,58522,753,-4,5,Excited,Calmed,0,4573
2,58524,753,-4,5,Excited,Calmed,0,4573
2,58526,753,-4,5,Excited,Calmed,0,4573
2,58529,753,-4,5,Excited,Calmed,0,4573
2,58538,753,-4,5,Excited,Calmed,0,4573
2,58541,753,-4,5,Excited,Calmed,0,4573
2,58543,753,-4,5,Excited,Calmed,0,4573
2,58546,753,-4,5,Excited,Calmed,0,4573
2,58555,753,-4,5,Excited,Calmed,0,4573
2,58558,753,-4,5,Excited,Calmed,0,4573
2,58560,753,-4,5,Excited,Calmed,0,4573
2,58562,753,-4,5,Excited,Calmed,0,4573
2,58572,753,-4,5,Excited,Calmed,0,4573
2,58574,753,-4,5,Excited,Calmed,0,4573
2,58577,753,-4,5,Excited,Calmed,0,4573
2,58579,753,-4,5,Excited,Calmed,0,4573
2,58588,753,-4,5,Excited,Calmed,0,4573
2,58591,753,-4,5,Excited,Calmed,0,4573
2,58593,753,-4,5,Excited,Calmed,0,4573
2,58596,753,-4,5,Excited,Calmed,0,4573
2,58605,753,-4,5,Excited,Calmed,0,4573
2,58608,753,-4,5,Excited,Calmed,0,4573
2,58610,753,-4,5,Excited,Calmed,0,4573
2,58613,753,-4,5,Excited,Calmed,0,4573
2,58622,753,-4,5,Excited,Calmed,0,4573
2,58624,753,-4,5,Excited,Calmed,0,4573
2,58627,753,-4,5,Excited,Calmed,0,4573
2,58629,753,-4,5,Excited,Calmed,0,4573
2,58638,753,-4,5,Excited,Calmed,0,4573
2,58641,753,-4,5,Excited,Calmed,0,4573
2,58643,753,-4,5,Excited,Calmed,0,4573
2,58646,753,-4,5,Excited,Calmed,0,4573
2,58655,753,-4,5,Excited,Calmed,0,4573
2,58658,753,-4,5,Excited,Calmed,0,4573
2,58660,753,-4,5,Excited,Calmed,0,4573
2,58663,753,-4,5,Excited,Calmed,0,4573
2,58672,753,-4,5,Excited,Calmed,0,4573
2,58674,753,-4,5,Excited,Calmed,0,4573
2,58677,753,-4,5,Excited,Calmed,0,4573
2,58679,753,-4,5,Excited,Calmed,0,4573
2,58688,753,-4,5,Excited,Calmed,0,4573
2,58691,753,-4,5,Excited,Calmed,0,4573
2,58693,753,-4,5,Excited,Calmed,0,4573
2,58696,753,-4,5,Excited,Calmed,0,4573
2,58705,753,-4,5,Excited,Calmed,0,4573
2,58708,753,-4,5,Excited,Calmed,0,4573
2,58710,753,-4,5,Excited,Calmed,0,4573
2,58712,753,-4,5,Excited,Calmed,0,4573
2,58722,753,-4,5,Excited,Calmed,0,4573
2,58724,753,-4,5,Excited,Calmed,0,4573
2,58726,753,-4,5,Excited,Calmed,0,4573
2,58729,753,-4,5,Excited,Calmed,0,4573
2,58738,753,-4,5,Excited,Calmed,0,4573
2,58741,753,-4,5,Excited,Calmed,0,4573
2,58743,753,-4,5,Excited,Calmed,0,4573
2,58746,753,-4,5,Excited,Calmed,0,4573
2,58755,753,-4,5,Excited,Calmed,0,4573
2,58757,753,-4,5,Excited,Calmed,0,4573
2,58760,753,-4,5,Excited,Calmed,0,4573
2,58763,753,-4,5,Excited,Calmed,0,4573
2,58772,753,-4,5,Excited,Calmed,0,4573
2,58775,753,-4,5,Excited,Calmed,0,4573
2,58777,753,-4,5,Excited,Calmed,0,4573
2,58779,753,-4,5,Excited,Calmed,0,4573
2,58789,753,-4,5,Excited,Calmed,0,4573
2,58791,753,-4,5,Excited,Calmed,0,4573
2,58794,753,-4,5,Excited,Calmed,0,4573
2,58796,753,-4,5,Excited,Calmed,0,4573
2,58805,753,-4,5,Excited,Calmed,0,4573
2,58808,753,-4,5,Excited,Calmed,0,4573
2,58810,753,-4,5,Excited,Calmed,0,4573
2,58813,753,-4,5,Excited,Calmed,0,4573
2,58822,753,-4,5,Excited,Calmed,0,4573
2,58825,753,-4,5,Excited,Calmed,0,4573
2,58827,753,-4,5,Excited,Calmed,0,4573
2,58830,753,-4,5,Excited,Calmed,0,4573
2,58838,753,-4,5,Excited,Calmed,0,4573
2,58841,753,-4,5,Excited,Calmed,0,4573
2,58843,753,-4,5,Excited,Calmed,0,4573
2,58846,753,-4,5,Excited,Calmed,0,4573
2,58855,753,-4,5,Excited,Calmed,0,4573
2,58858,753,-3,5,Excited,Calmed,0,4573
2,58860,753,-3,5,Excited,Calmed,0,4573
2,58863,753,-3,5,Excited,Calmed,0,4573
2,58872,753,-3,5,Excited,Calmed,0,4573
2,58875,753,-3,5,Excited,Calmed,0,4573
2,58877,753,-3,5,Excited,Calmed,0,4573
2,58879,753,-3,5,Excited,Calmed,0,4573
2,58888,753,-3,5,Excited,Calmed,0,4573
2,58891,753,-3,5,Excited,Calmed,0,4573
2,58893,753,-3,5,Excited,Calmed,0,4573
2,58896,753,-3,5,Excited,Calmed,0,4573
2,58905,753,-3,5,Excited,Calmed,0,4573
2,58908,753,-3,5,Excited,Calmed,0,4573
2,58910,753,-3,5,Excited,Calmed,0,4573
2,58912,753,-3,5,Excited,Calmed,0,4573
2,58922,753,-3,5,Excited,Calmed,0,4573
2,58924,753,-3,5,Excited,Calmed,0,4573
2,58927,753,-3,5,Excited,Calmed,0,4573
2,58929,753,-3,5,Excited,Calmed,0,4573
2,58938,753,-3,5,Excited,Calmed,0,4573
2,58941,753,-3,5,Excited,Calmed,0,4573
2,58943,753,-3,5,Excited,Calmed,0,4573
2,58946,753,-3,5,Excited,Calmed,0,4573
2,58955,753,-3,5,Excited,Calmed,0,4573
2,58958,753,-3,5,Excited,Calmed,0,4573
2,58960,753,-3,5,Excited,Calmed,0,4573
2,58962,753,-3,5,Excited,Calmed,0,4573
2,58972,753,-3,5,Excited,Calmed,0,4573
2,58974,753,-3,5,Excited,Calmed,0,4573
2,58977,753,-3,5,Excited,Calmed,0,4573
2,58979,753,-3,5,Excited,Calmed,0,4573
2,58988,753,-3,5,Excited,Calmed,0,4573
2,58991,753,-3,5,Excited,Calmed,0,4573
2,58993,753,-3,5,Excited,Calmed,0,4573
2,58996,753,-3,5,Excited,Calmed,0,4573
2,59005,753,-3,5,Excited,Calmed,0,4573
2,59007,753,-3,5,Excited,Calmed,0,4573
2,59010,752,-4,5,Excited,Calmed,0,4573
2,59012,752,-4,5,Excited,Calmed,0,4573
2,59022,752,-4,5,Excited,Calmed,0,4573
2,59024,752,-4,5,Excited,Calmed,0,4573
2,59027,752,-4,5,Excited,Calmed,0,4573
2,59029,752,-4,5,Excited,Calmed,0,4573
2,59038,752,-4,5,Excited,Calmed,0,4573
2,59041,752,-4,5,Excited,Calmed,0,4573
2,59043,752,-4,5,Excited,Calmed,0,4573
2,59046,752,-4,5,Excited,Calmed,0,4573
2,59055,752,-4,5,Excited,Calmed,0,4573
2,59058,752,-4,5,Excited,Calmed,0,4573
2,59060,752,-4,5,Excited,Calmed,0,4573
2,59062,752,-4,5,Excited,Calmed,0,4573
2,59072,752,-4,5,Excited,Calmed,0,4573
2,59075,752,-4,5,Excited,Calmed,0,4573
2,59077,752,-4,5,Excited,Calmed,0,4573
2,59079,752,-4,5,Excited,Calmed,0,4573
2,59088,752,-4,5,Excited,Calmed,0,4573
2,59091,752,-4,5,Excited,Calmed,0,4573
2,59093,752,-4,5,Excited,Calmed,0,4573
2,59096,752,-4,5,Excited,Calmed,0,4573
2,59105,752,-4,5,Excited,Calmed,0,4573
2,59108,752,-4,5,Excited,Calmed,0,4573
2,59110,752,-4,5,Excited,Calmed,0,4573
2,59113,752,-4,5,Excited,Calmed,0,4573
2,59122,752,-4,5,Excited,Calmed,0,4573
2,59124,752,-4,5,Excited,Calmed,0,4573
2,59127,752,-4,5,Excited,Calmed,0,4573
2,59129,752,-4,5,Excited,Calmed,0,4573
2,59138,752,-4,5,Excited,Calmed,0,4573
2,59141,752,-4,5,Excited,Calmed,0,4573
2,59143,752,-4,5,Excited,Calmed,0,4573
2,59146,752,-4,5,Excited,Calmed,0,4573
2,59155,752,-4,5,Excited,Calmed,0,4573
2,59157,752,-4,5,Excited,Calmed,0,4573
2,59160,752,-4,5,Excited,Calmed,0,4573
2,59162,752,-4,5,Excited,Calmed,0,4573
2,59172,752,-4,5,Excited,Calmed,0,4573
2,59174,752,-4,5,Excited,Calmed,0,4573
2,59177,752,-4,5,Excited,Calmed,0,4573
2,59179,752,-4,5,Excited,Calmed,0,4573
2,59188,752,-4,5,Excited,Calmed,0,4573
2,59191,752,-4,5,Excited,Calmed,0,4573
2,59193,752,-4,5,Excited,Calmed,0,4573
2,59196,752,-4,5,Excited,Calmed,0,4573
2,59205,752,-4,5,Excited,Calmed,0,4573
2,59208,752,-4,5,Excited,Calmed,0,4573
2,59210,752,-4,5,Excited,Calmed,0,4573
2,59212,752,-4,5,Excited,Calmed,0,4573
2,59222,752,-4,5,Excited,Calmed,0,4573
2,59224,752,-4,5,Excited,Calmed,0,4573
2,59227,752,-4,5,Excited,Calmed,0,4573
2,59229,752,-4,5,Excited,Calmed,0,4573
2,59238,752,-4,5,Excited,Calmed,0,4573
2,59241,752,-4,5,Excited,Calmed,0,4573
2,59243,752,-4,5,Excited,Calmed,0,4573
2,59246,752,-4,5,Excited,Calmed,0,4573
2,59255,752,-4,5,Excited,Calmed,0,4573
2,59258,752,-4,5,Excited,Calmed,0,4573
2,59260,752,-4,5,Excited,Calmed,0,4573
2,59263,752,-4,5,Excited,Calmed,0,4573
2,59272,752,-4,5,Excited,Calmed,0,4573
2,59274,752,-4,5,Excited,Calmed,0,4573
2,59277,752,-4,5,Excited,Calmed,0,4573
2,59279,752,-4,5,Excited,Calmed,0,4573
2,59288,752,-4,5,Excited,Calmed,0,4573
2,59291,752,-4,5,Excited,Calmed,0,4573
2,59293,752,-4,5,Excited,Calmed,0,4573
2,59296,752,-4,5,Excited,Calmed,0,4573
2,59305,752,-4,5,Excited,Calmed,0,4573
2,59308,752,-4,5,Excited,Calmed,0,4573
2,59310,752,-4,5,Excited,Calmed,0,4573
2,59312,752,-4,5,Excited,Calmed,0,4573
2,59322,752,-4,5,Excited,Calmed,0,4573
2,59324,752,-4,5,Excited,Calmed,0,4573
2,59327,752,-4,5,Excited,Calmed,0,4573
2,59329,752,-4,5,Excited,Calmed,0,4573
2,59338,752,-4,5,Excited,Calmed,0,4573
2,59341,752,-4,5,Excited,Calmed,0,4573
2,59343,752,-4,5,Excited,Calmed,0,4573
2,59345,752,-4,5,Excited,Calmed,0,4573
2,59355,752,-4,5,Excited,Calmed,0,4573
2,59358,752,-4,5,Excited,Calmed,0,4573
2,59360,752,-4,5,Excited,Calmed,0,4573
2,59362,752,-4,5,Excited,Calmed,0,4573
2,59372,752,-4,5,Excited,Calmed,0,4573
2,59374,752,-3,5,Excited,Calmed,0,4573
2,59377,752,-3,5,Excited,Calmed,0,4573
2,59379,752,-3,5,Excited,Calmed,0,4573
2,59388,752,-3,5,Excited,Calmed,0,4573
2,59391,752,-3,5,Excited,Calmed,0,4573
2,59393,752,-3,5,Excited,Calmed,0,4573
2,59395,752,-3,5,Excited,Calmed,0,4573
2,59405,752,-3,5,Excited,Calmed,0,4573
2,59408,752,-3,5,Excited,Calmed,0,4573
2,59410,752,-3,5,Excited,Calmed,0,4573
2,59412,752,-3,5,Excited,Calmed,0,4573
2,59422,752,-3,5,Excited,Calmed,0,4573
2,59424,752,-3,5,Excited,Calmed,0,4573
2,59426,752,-3,5,Excited,Calmed,0,4573
2,59429,752,-3,5,Excited,Calmed,0,4573
2,59438,752,-3,5,Excited,Calmed,0,4573
2,59441,752,-3,5,Excited,Calmed,0,4573
2,59444,752,-3,5,Excited,Calmed,0,4573
2,59446,752,-3,5,Excited,Calmed,0,4573
2,59455,752,-3,5,Excited,Calmed,0,4573
2,59458,752,-3,5,Excited,Calmed,0,4573
2,59460,752,-3,5,Excited,Calmed,0,4573
2,59462,752,-3,5,Excited,Calmed,0,4573
2,59472,752,-3,5,Excited,Calmed,0,4573
2,59474,752,-3,5,Excited,Calmed,0,4573
2,59477,752,-3,5,Excited,Calmed,0,4573
2,59479,752,-3,5,Excited,Calmed,0,4573
2,59489,752,-3,5,Excited,Calmed,0,4573
2,59491,752,-3,5,Excited,Calmed,0,4573
2,59494,752,-3,5,Excited,Calmed,0,4573
2,59496,752,-3,5,Excited,Calmed,0,4573
2,59505,752,-3,5,Excited,Calmed,0,4573
2,59508,752,-3,5,Excited,Calmed,0,4573
2,59510,752,-3,5,Excited,Calmed,0,4573
2,59512,752,-3,5,Excited,Calmed,0,4573
2,59522,752,-3,5,Excited,Calmed,0,4573
2,59524,752,-3,5,Excited,Calmed,0,4573
2,59526,752,-3,5,Excited,Calmed,0,4573
2,59529,752,-3,5,Excited,Calmed,0,4573
2,59538,752,-3,5,Excited,Calmed,0,4573
2,59541,752,-3,5,Excited,Calmed,0,4573
2,59543,752,-3,5,Excited,Calmed,0,4573
2,59545,752,-3,5,Excited,Calmed,0,4573
2,59555,752,-3,5,Excited,Calmed,0,4573
2,59558,752,-3,5,Excited,Calmed,0,4573
2,59560,752,-3,5,Excited,Calmed,0,4573
2,59562,752,-3,5,Excited,Calmed,0,4573
2,59572,752,-3,5,Excited,Calmed,0,4573
2,59574,752,-3,5,Excited,Calmed,0,4573
2,59577,752,-3,5,Excited,Calmed,0,4573
2,59579,752,-3,5,Excited,Calmed,0,4573
2,59588,752,-3,5,Excited,Calmed,0,4573
2,59591,752,-3,5,Excited,Calmed,0,4573
2,59594,752,-3,5,Excited,Calmed,0,4573
2,59596,752,-3,5,Excited,Calmed,0,4573
2,59605,752,-3,5,Excited,Calmed,0,4573
2,59607,752,-3,5,Excited,Calmed,0,4573
2,59610,752,-3,5,Excited,Calmed,0,4573
2,59612,752,-3,5,Excited,Calmed,0,4573
2,59622,752,-3,5,Excited,Calmed,0,4573
2,59624,752,-3,5,Excited,Calmed,0,4573
2,59627,752,-3,5,Excited,Calmed,0,4573
2,59629,752,-3,5,Excited,Calmed,0,4573
2,59638,752,-3,5,Excited,Calmed,0,4573
2,59641,752,-3,5,Excited,Calmed,0,4573
2,59643,752,-3,5,Excited,Calmed,0,4573
2,59645,752,-3,5,Excited,Calmed,0,4573
2,59655,752,-3,5,Excited,Calmed,0,4573
2,59658,752,-3,5,Excited,Calmed,0,4573
2,59660,752,-3,5,Excited,Calmed,0,4573
2,59662,752,-3,5,Excited,Calmed,0,4573
2,59672,752,-3,5,Excited,Calmed,0,4573
2,59674,752,-3,5,Excited,Calmed,0,4573
2,59677,751,-4,5,Excited,Calmed,0,4573
2,59679,751,-4,5,Excited,Calmed,0,4573
2,59688,751,-4,5,Excited,Calmed,0,4573
2,59691,751,-4,5,Excited,Calmed,0,4573
2,59693,751,-4,5,Excited,Calmed,0,4573
2,59696,751,-4,5,Excited,Calmed,0,4573
2,59705,751,-4,5,Excited,Calmed,0,4573
2,59708,751,-4,5,Excited,Calmed,0,4573
2,59710,751,-4,5,Excited,Calmed,0,4573
2,59713,751,-4,5,Excited,Calmed,0,4573
2,59722,751,-4,5,Excited,Calmed,0,4573
2,59724,751,-4,5,Excited,Calmed,0,4573
2,59727,751,-4,5,Excited,Calmed,0,4573
2,59729,751,-4,5,Excited,Calmed,0,4573
2,59738,751,-4,5,Excited,Calmed,0,4573
2,59741,751,-4,5,Excited,Calmed,0,4573
2,59743,751,-4,5,Excited,Calmed,0,4573
2,59746,751,-4,5,Excited,Calmed,0,4573
2,59755,751,-4,5,Excited,Calmed,0,4573
2,59758,751,-4,5,Excited,Calmed,0,4573
2,59760,751,-4,5,Excited,Calmed,0,4573
2,59763,751,-4,5,Excited,Calmed,0,4573
2,59772,751,-4,5,Excited,Calmed,0,4573
2,59774,751,-4,5,Excited,Calmed,0,4573
2,59777,751,-4,5,Excited,Calmed,0,4573
2,59779,751,-4,5,Excited,Calmed,0,4573
2,59788,751,-4,5,Excited,Calmed,0,4573
2,59791,751,-4,5,Excited,Calmed,0,4573
2,59794,751,-4,5,Excited,Calmed,0,4573
2,59796,751,-4,5,Excited,Calmed,0,4573
2,59805,751,-4,5,Excited,Calmed,0,4573
2,59808,751,-4,5,Excited,Calmed,0,4573
2,59810,751,-4,5,Excited,Calmed,0,4573
2,59813,751,-4,5,Excited,Calmed,0,4573
2,59822,751,-4,5,Excited,Calmed,0,4573
2,59824,751,-4,5,Excited,Calmed,0,4573
2,59827,751,-4,5,Excited,Calmed,0,4573
2,59829,751,-4,5,Excited,Calmed,0,4573
2,59838,751,-4,5,Excited,Calmed,0,4573
2,59841,751,-4,5,Excited,Calmed,0,4573
2,59843,751,-4,5,Excited,Calmed,0,4573
2,59846,751,-4,5,Excited,Calmed,0,4573
2,59855,751,-4,5,Excited,Calmed,0,4573
2,59858,751,-4,5,Excited,Calmed,0,4573
2,59860,751,-4,5,Excited,Calmed,0,4573
2,59862,751,-4,5,Excited,Calmed,0,4573
2,59872,751,-4,5,Excited,Calmed,0,4573
2,59874,751,-4,5,Excited,Calmed,0,4573
2,59877,751,-4,5,Excited,Calmed,0,4573
2,59879,751,-4,5,Excited,Calmed,0,4573
2,59888,751,-4,5,Excited,Calmed,0,4573
2,59891,751,-4,5,Excited,Calmed,0,4573
2,59893,751,-4,5,Excited,Calmed,0,4573
2,59896,751,-4,5,Excited,Calmed,0,4573
2,59905,751,-4,5,Excited,Calmed,0,4573
2,59908,751,-4,5,Excited,Calmed,0,4573
2,59910,751,-4,5,Excited,Calmed,0,4573
2,59912,751,-4,5,Excited,Calmed,0,4573
2,59922,751,-4,5,Excited,Calmed,0,4573
2,59924,751,-4,5,Excited,Calmed,0,4573
2,59927,751,-4,5,Excited,Calmed,0,4573
2,59929,751,-4,5,Excited,Calmed,0,4573
2,59938,751,-4,5,Excited,Calmed,0,4573
2,59941,751,-3,5,Excited,Calmed,0,4573
2,59943,751,-3,5,Excited,Calmed,0,4573
2,59946,751,-3,5,Excited,Calmed,0,4573
2,59955,751,-3,5,Excited,Calmed,0,4573
2,59958,751,-3,5,Excited,Calmed,0,4573
2,59960,751,-3,5,Excited,Calmed,0,4573
2,59962,751,-3,5,Excited,Calmed,0,4573
2,59972,751,-3,5,Excited,Calmed,0,4573
2,59974,751,-3,5,Excited,Calmed,0,4573
2,59977,751,-3,5,Excited,Calmed,0,4573
2,59979,751,-3,5,Excited,Calmed,0,4573
2,59988,751,-3,5,Excited,Calmed,0,4573
2,59991,751,-3,5,Excited,Calmed,0,4573
2,59993,751,-3,5,Excited,Calmed,0,4573
2,59996,751,-3,5,Excited,Calmed,0,4573
2,60005,751,-3,5,Excited,Calmed,0,4573
2,60007,751,-3,5,Excited,Calmed,0,4573
2,60010,751,-3,5,Excited,Calmed,0,4573
2,60013,751,-3,5,Excited,Calmed,0,4573
2,60022,751,-3,5,Excited,Calmed,0,4573
2,60024,751,-3,5,Excited,Calmed,0,4573
2,60027,751,-3,5,Excited,Calmed,0,4573
2,60029,751,-3,5,Excited,Calmed,0,4573
2,60038,751,-3,5,Excited,Calmed,0,4573
2,60041,750,-4,5,Excited,Calmed,0,4573
2,60043,750,-4,5,Excited,Calmed,0,4573
2,60045,750,-4,5,Excited,Calmed,0,4573
2,60055,750,-4,5,Excited,Calmed,0,4573
2,60058,750,-4,5,Excited,Calmed,0,4573
2,60060,750,-4,5,Excited,Calmed,0,4573
2,60062,750,-4,5,Excited,Calmed,0,4573
2,60072,750,-4,5,Excited,Calmed,0,4573
2,60074,750,-4,5,Excited,Calmed,0,4573
2,60077,750,-4,5,Excited,Calmed,0,4573
2,60079,750,-4,5,Excited,Calmed,0,4573
2,60088,750,-4,5,Excited,Calmed,0,4573
2,60091,750,-4,5,Excited,Calmed,0,4573
2,60093,750,-4,5,Excited,Calmed,0,4573
2,60096,750,-4,5,Excited,Calmed,0,4573
2,60105,750,-4,5,Excited,Calmed,0,4573
2,60108,750,-4,5,Excited,Calmed,0,4573
2,60110,750,-4,5,Excited,Calmed,0,4573
2,60113,750,-4,5,Excited,Calmed,0,4573
2,60122,750,-4,5,Excited,Calmed,0,4573
2,60124,750,-4,5,Excited,Calmed,0,4573
2,60127,750,-4,5,Excited,Calmed,0,4573
2,60129,750,-4,5,Excited,Calmed,0,4573
2,60138,750,-4,5,Excited,Calmed,0,4573
2,60141,750,-4,5,Excited,Calmed,0,4573
2,60143,750,-4,5,Excited,Calmed,0,4573
2,60146,750,-4,5,Excited,Calmed,0,4573
2,60155,750,-4,5,Excited,Calmed,0,4573
2,60157,750,-4,5,Excited,Calmed,0,4573
2,60160,750,-4,5,Excited,Calmed,0,4573
2,60162,750,-4,5,Excited,Calmed,0,4573
2,60172,750,-4,5,Excited,Calmed,0,4573
2,60174,750,-4,5,Excited,Calmed,0,4573
2,60177,750,-4,5,Excited,Calmed,0,4573
2,60179,750,-4,5,Excited,Calmed,0,4573
2,60189,750,-4,5,Excited,Calmed,0,4573
2,60191,750,-4,5,Excited,Calmed,0,4573
2,60194,750,-4,5,Excited,Calmed,0,4573
2,60196,750,-4,5,Excited,Calmed,0,4573
2,60205,750,-4,5,Excited,Calmed,0,4573
2,60207,750,-4,5,Excited,Calmed,0,4573
2,60210,750,-4,5,Excited,Calmed,0,4573
2,60212,750,-4,5,Excited,Calmed,0,4573
2,60222,750,-4,5,Excited,Calmed,0,4573
2,60224,750,-4,5,Excited,Calmed,0,4573
2,60227,750,-4,5,Excited,Calmed,0,4573
2,60229,750,-4,5,Excited,Calmed,0,4573
2,60238,750,-4,5,Excited,Calmed,0,4573
2,60241,750,-4,5,Excited,Calmed,0,4573
2,60243,750,-4,5,Excited,Calmed,0,4573
2,60245,750,-4,5,Excited,Calmed,0,4573
2,60255,750,-4,5,Excited,Calmed,0,4573
2,60258,750,-4,5,Excited,Calmed,0,4573
2,60260,750,-4,5,Excited,Calmed,0,4573
2,60262,750,-4,5,Excited,Calmed,0,4573
2,60272,750,-4,5,Excited,Calmed,0,4573
2,60274,750,-4,5,Excited,Calmed,0,4573
2,60277,750,-4,5,Excited,Calmed,0,4573
2,60279,750,-4,5,Excited,Calmed,0,4573
2,60288,750,-4,5,Excited,Calmed,0,4573
2,60291,750,-4,5,Excited,Calmed,0,4573
2,60293,750,-4,5,Excited,Calmed,0,4573
2,60296,750,-4,5,Excited,Calmed,0,4573
2,60305,750,-4,5,Excited,Calmed,0,4573
2,60308,750,-4,5,Excited,Calmed,0,4573
2,60310,750,-4,5,Excited,Calmed,0,4573
2,60312,750,-4,5,Excited,Calmed,0,4573
2,60322,750,-4,5,Excited,Calmed,0,4573
2,60324,750,-4,5,Excited,Calmed,0,4573
2,60327,750,-4,5,Excited,Calmed,0,4573
2,60329,750,-4,5,Excited,Calmed,0,4573
2,60338,750,-4,5,Excited,Calmed,0,4573
2,60341,750,-4,5,Excited,Calmed,0,4573
2,60343,750,-4,5,Excited,Calmed,0,4573
2,60346,750,-4,5,Excited,Calmed,0,4573
2,60355,750,-4,5,Excited,Calmed,0,4573
2,60358,750,-4,5,Excited,Calmed,0,4573
2,60360,750,-4,5,Excited,Calmed,0,4573
2,60362,750,-4,5,Excited,Calmed,0,4573
2,60372,750,-4,5,Excited,Calmed,0,4573
2,60374,750,-4,5,Excited,Calmed,0,4573
2,60377,750,-4,5,Excited,Calmed,0,4573
2,60379,750,-4,5,Excited,Calmed,0,4573
2,60388,750,-4,5,Excited,Calmed,0,4573
2,60391,750,-4,5,Excited,Calmed,0,4573
2,60393,750,-4,5,Excited,Calmed,0,4573
2,60396,750,-4,5,Excited,Calmed,0,4573
2,60405,749,-4,5,Excited,Calmed,0,4573
2,60408,749,-4,5,Excited,Calmed,0,4573
2,60410,749,-4,5,Excited,Calmed,0,4573
2,60412,749,-4,5,Excited,Calmed,0,4573
2,60422,749,-4,5,Excited,Calmed,0,4573
2,60424,749,-4,5,Excited,Calmed,0,4573
2,60427,749,-4,5,Excited,Calmed,0,4573
2,60429,749,-4,5,Excited,Calmed,0,4573
2,60438,749,-4,5,Excited,Calmed,0,4573
2,60441,749,-4,5,Excited,Calmed,0,4573
2,60443,749,-4,5,Excited,Calmed,0,4573
2,60446,749,-5,5,Excited,Calmed,0,4573
2,60455,749,-5,5,Excited,Calmed,0,4573
2,60458,749,-5,5,Excited,Calmed,0,4573
2,60460,749,-5,5,Excited,Calmed,0,4573
2,60462,749,-5,5,Excited,Calmed,0,4573
2,60472,749,-5,5,Excited,Calmed,0,4573
2,60474,749,-5,5,Excited,Calmed,0,4573
2,60477,749,-5,5,Excited,Calmed,0,4573
2,60479,749,-5,5,Excited,Calmed,0,4573
2,60488,749,-5,5,Excited,Calmed,0,4573
2,60491,749,-5,5,Excited,Calmed,0,4573
2,60493,749,-5,5,Excited,Calmed,0,4573
2,60496,749,-5,5,Excited,Calmed,0,4573
2,60505,749,-5,5,Excited,Calmed,0,4573
2,60508,749,-5,5,Excited,Calmed,0,4573
2,60510,749,-5,5,Excited,Calmed,0,4573
2,60512,749,-5,5,Excited,Calmed,0,4573
2,60522,749,-5,5,Excited,Calmed,0,4573
2,60524,749,-5,5,Excited,Calmed,0,4573
2,60526,749,-5,5,Excited,Calmed,0,4573
2,60529,749,-5,5,Excited,Calmed,0,4573
2,60538,749,-5,5,Excited,Calmed,0,4573
2,60541,749,-5,5,Excited,Calmed,0,4573
2,60543,749,-5,5,Excited,Calmed,0,4573
2,60546,749,-5,5,Excited,Calmed,0,4573
2,60555,749,-5,5,Excited,Calmed,0,4573
2,60557,749,-4,5,Excited,Calmed,0,4573
2,60560,749,-4,5,Excited,Calmed,0,4573
2,60562,749,-4,5,Excited,Calmed,0,4573
2,60572,749,-4,5,Excited,Calmed,0,4573
2,60574,749,-4,5,Excited,Calmed,0,4573
2,60576,749,-4,5,Excited,Calmed,0,4573
2,60579,749,-4,5,Excited,Calmed,0,4573
2,60588,749,-4,5,Excited,Calmed,0,4573
2,60591,749,-4,5,Excited,Calmed,0,4573
2,60593,749,-4,5,Excited,Calmed,0,4573
2,60596,749,-4,5,Excited,Calmed,0,4573
2,60605,749,-4,5,Excited,Calmed,0,4573
2,60608,749,-4,5,Excited,Calmed,0,4573
2,60610,749,-4,5,Excited,Calmed,0,4573
2,60612,749,-4,5,Excited,Calmed,0,4573
2,60622,749,-4,5,Excited,Calmed,0,4573
2,60624,749,-4,5,Excited,Calmed,0,4573
2,60626,749,-4,5,Excited,Calmed,0,4573
2,60629,749,-4,5,Excited,Calmed,0,4573
2,60638,749,-4,5,Excited,Calmed,0,4573
2,60641,749,-4,5,Excited,Calmed,0,4573
2,60643,749,-4,5,Excited,Calmed,0,4573
2,60646,749,-4,5,Excited,Calmed,0,4573
2,60655,749,-4,5,Excited,Calmed,0,4573
2,60658,749,-4,5,Excited,Calmed,0,4573
2,60660,749,-4,5,Excited,Calmed,0,4573
2,60662,749,-4,5,Excited,Calmed,0,4573
2,60672,749,-4,5,Excited,Calmed,0,4573
2,60674,749,-4,5,Excited,Calmed,0,4573
2,60677,749,-4,5,Excited,Calmed,0,4573
2,60679,749,-4,5,Excited,Calmed,0,4573
2,60688,749,-4,5,Excited,Calmed,0,4573
2,60691,749,-4,5,Excited,Calmed,0,4573
2,60693,749,-4,5,Excited,Calmed,0,4573
2,60696,749,-4,5,Excited,Calmed,0,4573
2,60705,749,-4,5,Excited,Calmed,0,4573
2,60707,749,-4,5,Excited,Calmed,0,4573
2,60710,749,-4,5,Excited,Calmed,0,4573
2,60712,749,-4,5,Excited,Calmed,0,4573
2,60722,749,-4,5,Excited,Calmed,0,4573
2,60724,749,-4,5,Excited,Calmed,0,4573
2,60726,749,-4,5,Excited,Calmed,0,4573
2,60729,749,-4,5,Excited,Calmed,0,4573
2,60739,749,-4,5,Excited,Calmed,0,4573
2,60741,749,-4,5,Excited,Calmed,0,4573
2,60744,749,-4,5,Excited,Calmed,0,4573
2,60746,749,-4,5,Excited,Calmed,0,4573
2,60755,749,-4,5,Excited,Calmed,0,4573
2,60758,748,-5,5,Excited,Calmed,0,4573
2,60760,748,-5,5,Excited,Calmed,0,4573
2,60762,748,-5,5,Excited,Calmed,0,4573
2,60772,748,-5,5,Excited,Calmed,0,4573
2,60774,748,-5,5,Excited,Calmed,0,4573
2,60777,748,-5,5,Excited,Calmed,0,4573
2,60779,748,-5,5,Excited,Calmed,0,4573
2,60788,748,-5,5,Excited,Calmed,0,4573
2,60791,748,-5,5,Excited,Calmed,0,4573
2,60793,748,-5,5,Excited,Calmed,0,4573
2,60796,748,-5,5,Excited,Calmed,0,4573
2,60805,748,-5,5,Excited,Calmed,0,4573
2,60808,748,-5,5,Excited,Calmed,0,4573
2,60810,748,-5,5,Excited,Calmed,0,4573
2,60812,748,-5,5,Excited,Calmed,0,4573
2,60822,748,-5,5,Excited,Calmed,0,4573
2,60824,748,-5,5,Excited,Calmed,0,4573
2,60827,748,-5,5,Excited,Calmed,0,4573
2,60829,748,-5,5,Excited,Calmed,0,4573
2,60838,748,-5,5,Excited,Calmed,0,4573
2,60841,748,-5,5,Excited,Calmed,0,4573
2,60843,748,-5,5,Excited,Calmed,0,4573
2,60846,748,-5,5,Excited,Calmed,0,4573
2,60855,748,-5,5,Excited,Calmed,0,4573
2,60858,748,-5,5,Excited,Calmed,0,4573
2,60860,748,-5,5,Excited,Calmed,0,4573
2,60862,748,-5,5,Excited,Calmed,0,4573
2,60872,748,-5,5,Excited,Calmed,0,4573
2,60874,748,-5,5,Excited,Calmed,0,4573
2,60877,748,-5,5,Excited,Calmed,0,4573
2,60879,748,-5,5,Excited,Calmed,0,4573
2,60888,748,-5,5,Excited,Calmed,0,4573
2,60891,748,-5,5,Excited,Calmed,0,4573
2,60893,748,-5,5,Excited,Calmed,0,4573
2,60896,748,-5,5,Excited,Calmed,0,4573
2,60905,748,-5,5,Excited,Calmed,0,4573
2,60908,748,-5,5,Excited,Calmed,0,4573
2,60910,748,-5,5,Excited,Calmed,0,4573
2,60912,748,-5,5,Excited,Calmed,0,4573
2,60922,748,-5,5,Excited,Calmed,0,4573
2,60924,748,-5,5,Excited,Calmed,0,4573
2,60927,748,-5,5,Excited,Calmed,0,4573
2,60929,748,-5,5,Excited,Calmed,0,4573
2,60938,748,-5,5,Excited,Calmed,0,4573
2,60941,748,-5,5,Excited,Calmed,0,4573
2,60943,748,-5,5,Excited,Calmed,0,4573
2,60946,748,-5,5,Excited,Calmed,0,4573
2,60955,748,-5,5,Excited,Calmed,0,4573
2,60958,748,-5,5,Excited,Calmed,0,4573
2,60960,748,-5,5,Excited,Calmed,0,4573
2,60962,748,-5,5,Excited,Calmed,0,4573
2,60972,748,-5,5,Excited,Calmed,0,4573
2,60974,748,-5,5,Excited,Calmed,0,4573
2,60977,748,-5,5,Excited,Calmed,0,4573
2,60979,748,-5,5,Excited,Calmed,0,4573
2,60988,748,-5,5,Excited,Calmed,0,4573
2,60991,748,-5,5,Excited,Calmed,0,4573
2,60993,748,-5,5,Excited,Calmed,0,4573
2,60996,748,-5,5,Excited,Calmed,0,4573
2,61005,748,-5,5,Excited,Calmed,0,4573
2,61008,748,-5,5,Excited,Calmed,0,4573
2,61010,748,-5,5,Excited,Calmed,0,4573
2,61012,748,-5,5,Excited,Calmed,0,4573
2,61022,748,-5,5,Excited,Calmed,0,4573
2,61024,748,-5,5,Excited,Calmed,0,4573
2,61027,748,-5,5,Excited,Calmed,0,4573
2,61029,748,-5,5,Excited,Calmed,0,4573
2,61038,748,-5,5,Excited,Calmed,0,4573
2,61041,748,-5,5,Excited,Calmed,0,4573
2,61043,748,-5,5,Excited,Calmed,0,4573
2,61046,748,-5,5,Excited,Calmed,0,4573
2,61055,748,-5,5,Excited,Calmed,0,4573
2,61058,748,-5,5,Excited,Calmed,0,4573
2,61060,748,-5,5,Excited,Calmed,0,4573
2,61062,748,-5,5,Excited,Calmed,0,4573
2,61072,748,-5,5,Excited,Calmed,0,4573
2,61074,748,-5,5,Excited,Calmed,0,4573
2,61077,748,-5,5,Excited,Calmed,0,4573
2,61079,748,-5,5,Excited,Calmed,0,4573
2,61088,748,-5,5,Excited,Calmed,0,4573
2,61091,748,-5,5,Excited,Calmed,0,4573
2,61093,748,-5,5,Excited,Calmed,0,4573
2,61096,748,-5,5,Excited,Calmed,0,4573
2,61105,748,-5,5,Excited,Calmed,0,4573
2,61108,748,-5,5,Excited,Calmed,0,4573
2,61110,748,-5,5,Excited,Calmed,0,4573
2,61113,748,-5,5,Excited,Calmed,0,4573
2,61122,747,-6,5,Excited,Excited,100,4574
2,61124,747,-6,5,Excited,Excited,100,4575
2,61127,747,-6,5,Excited,Excited,100,4576
2,61129,747,-6,5,Excited,Excited,100,4577
2,61138,747,-6,5,Excited,Excited,100,4578
2,61141,747,-6,5,Excited,Excited,100,4579
2,61143,747,-6,5,Excited,Excited,100,4580
2,61146,747,-6,5,Excited,Excited,100,4581
2,61155,747,-6,5,Excited,Excited,100,4582
2,61158,747,-6,5,Excited,Excited,100,4583
2,61160,747,-6,5,Excited,Excited,100,4584
2,61162,747,-6,5,Excited,Excited,100,4585
2,61172,747,-6,5,Excited,Excited,100,4586
2,61174,747,-6,5,Excited,Excited,100,4587
2,61177,747,-6,5,Excited,Excited,100,4588
2,61179,747,-6,5,Excited,Excited,100,4589
2,61188,747,-6,5,Excited,Excited,100,4590
2,61191,747,-6,5,Excited,Excited,100,4591
2,61193,747,-6,5,Excited,Excited,100,4592
2,61195,747,-6,5,Excited,Excited,100,4593
2,61205,747,-6,5,Excited,Excited,100,4594
2,61208,747,-6,5,Excited,Excited,100,4595
2,61210,747,-6,5,Excited,Excited,100,4596
2,61212,747,-6,5,Excited,Excited,100,4597
2,61222,747,-6,5,Excited,Excited,100,4598
2,61224,747,-6,5,Excited,Excited,100,4599
2,61227,747,-6,5,Excited,Excited,100,4600
2,61229,747,-6,5,Excited,Excited,100,4601
2,61238,747,-6,5,Excited,Excited,100,4602
2,61241,747,-6,5,Excited,Excited,100,4603
2,61243,747,-6,5,Excited,Excited,100,4604
2,61246,747,-6,5,Excited,Excited,100,4605
2,61255,747,-6,5,Excited,Excited,100,4606
2,61258,747,-6,5,Excited,Excited,100,4607
2,61260,747,-6,5,Excited,Excited,100,4608
2,61263,747,-6,5,Excited,Excited,100,4609
2,61272,747,-6,5,Excited,Excited,100,4610
2,61274,747,-6,5,Excited,Excited,100,4611
2,61277,747,-6,5,Excited,Excited,100,4612
2,61279,747,-6,5,Excited,Excited,100,4613
2,61288,747,-6,5,Excited,Excited,100,4614
2,61291,747,-6,5,Excited,Excited,100,4615
2,61293,747,-6,5,Excited,Excited,100,4616
2,61296,747,-6,5,Excited,Excited,100,4617
2,61305,747,-6,5,Excited,Excited,100,4618
2,61308,747,-6,5,Excited,Excited,100,4619
2,61310,747,-6,5,Excited,Excited,100,4620
2,61313,747,-6,5,Excited,Excited,100,4621
2,61322,747,-6,5,Excited,Excited,100,4622
2,61324,747,-6,5,Excited,Excited,100,4623
2,61326,747,-6,5,Excited,Excited,100,4624
2,61329,747,-6,5,Excited,Excited,100,4625
2,61338,747,-6,5,Excited,Excited,100,4626
2,61341,747,-6,5,Excited,Excited,100,4627
2,61343,747,-6,5,Excited,Excited,100,4628
2,61346,747,-6,5,Excited,Excited,100,4629
2,61355,747,-6,5,Excited,Excited,100,4630
2,61358,747,-6,5,Excited,Excited,100,4631
2,61360,747,-6,5,Excited,Excited,100,4632
2,61363,747,-6,5,Excited,Excited,100,4633
2,61372,747,-6,5,Excited,Excited,100,4634
2,61374,747,-6,5,Excited,Excited,100,4635
2,61377,747,-6,5,Excited,Excited,100,4636
2,61379,747,-6,5,Excited,Excited,100,4637
2,61388,747,-6,5,Excited,Excited,100,4638
2,61391,747,-6,5,Excited,Excited,100,4639
2,61393,747,-6,5,Excited,Excited,100,4640
2,61395,747,-6,5,Excited,Excited,100,4641
2,61405,747,-6,5,Excited,Excited,100,4642
2,61408,747,-6,5,Excited,Excited,100,4643
2,61410,747,-6,5,Excited,Excited,100,4644
2,61413,747,-6,5,Excited,Excited,100,4645
2,61422,747,-6,5,Excited,Excited,100,4646
2,61424,747,-6,5,Excited,Excited,100,4647
2,61427,747,-6,5,Excited,Excited,100,4648
2,61429,747,-6,5,Excited,Excited,100,4649
2,61438,747,-6,5,Excited,Excited,100,4650
2,61441,747,-6,5,Excited,Excited,100,4651
2,61443,747,-6,5,Excited,Excited,100,4652
2,61446,747,-6,5,Excited,Excited,100,4653
2,61455,747,-6,5,Excited,Excited,100,4654
2,61458,747,-6,5,Excited,Excited,100,4655
2,61460,747,-6,5,Excited,Excited,100,4656
2,61463,747,-6,5,Excited,Excited,100,4657
2,61472,747,-6,5,Excited,Excited,100,4658
2,61474,746,-7,5,Excited,Excited,100,4659
2,61477,746,-7,5,Excited,Excited,100,4660
2,61479,746,-7,5,Excited,Excited,100,4661
2,61488,746,-7,5,Excited,Excited,100,4662
2,61491,746,-7,5,Excited,Excited,100,4663
2,61493,746,-7,5,Excited,Excited,100,4664
2,61495,746,-7,5,Excited,Excited,100,4665
2,61505,746,-7,5,Excited,Excited,100,4666
2,61508,746,-7,5,Excited,Excited,100,4667
2,61510,746,-7,5,Excited,Excited,100,4668
2,61513,746,-7,5,Excited,Excited,100,4669
2,61522,746,-7,5,Excited,Excited,100,4670
2,61524,746,-7,5,Excited,Excited,100,4671
2,61527,746,-7,5,Excited,Excited,100,4672
2,61529,746,-6,5,Excited,Excited,100,4673
2,61538,746,-6,5,Excited,Excited,100,4674
2,61541,746,-6,5,Excited,Excited,100,4675
2,61543,746,-6,5,Excited,Excited,100,4676
2,61546,746,-6,5,Excited,Excited,100,4677
2,61555,746,-6,5,Excited,Excited,100,4678
2,61557,746,-6,5,Excited,Excited,100,4679
2,61560,746,-6,5,Excited,Excited,100,4680
2,61562,746,-6,5,Excited,Excited,100,4681
2,61572,746,-6,5,Excited,Excited,100,4682
2,61574,746,-6,5,Excited,Excited,100,4683
2,61577,746,-6,5,Excited,Excited,100,4684
2,61579,746,-6,5,Excited,Excited,100,4685
2,61588,746,-6,5,Excited,Excited,100,4686
2,61591,746,-6,5,Excited,Excited,100,4687
2,61593,746,-6,5,Excited,Excited,100,4688
2,61596,746,-6,5,Excited,Excited,100,4689
2,61605,746,-6,5,Excited,Excited,100,4690
2,61608,746,-6,5,Excited,Excited,100,4691
2,61610,746,-6,5,Excited,Excited,100,4692
2,61612,746,-6,5,Excited,Excited,100,4693
2,61622,746,-6,5,Excited,Excited,100,4694
2,61624,746,-6,5,Excited,Excited,100,4695
2,61627,746,-6,5,Excited,Excited,100,4696
2,61629,746,-6,5,Excited,Excited,100,4697
2,61638,746,-6,5,Excited,Excited,100,4698
2,61641,746,-6,5,Excited,Excited,100,4699
2,61643,746,-6,5,Excited,Excited,100,4700
2,61646,746,-6,5,Excited,Excited,100,4701
2,61655,746,-6,5,Excited,Excited,100,4702
2,61658,746,-6,5,Excited,Excited,100,4703
2,61660,746,-6,5,Excited,Excited,100,4704
2,61662,746,-6,5,Excited,Excited,100,4705
2,61672,746,-6,5,Excited,Excited,100,4706
2,61674,746,-6,5,Excited,Excited,100,4707
2,61677,746,-6,5,Excited,Excited,100,4708
2,61680,746,-6,5,Excited,Excited,100,4709
2,61688,746,-6,5,Excited,Excited,100,4710
2,61691,746,-6,5,Excited,Excited,100,4711
2,61693,746,-6,5,Excited,Excited,100,4712
2,61696,746,-6,5,Excited,Excited,100,4713
2,61705,746,-6,5,Excited,Excited,100,4714
2,61708,746,-6,5,Excited,Excited,100,4715
2,61710,746,-6,5,Excited,Excited,100,4716
2,61713,746,-6,5,Excited,Excited,100,4717
2,61722,746,-6,5,Excited,Excited,100,4718
2,61724,746,-6,5,Excited,Excited,100,4719
2,61727,746,-6,5,Excited,Excited,100,4720
2,61729,746,-6,5,Excited,Excited,100,4721
2,61738,745,-7,5,Excited,Excited,100,4722
2,61741,745,-7,5,Excited,Excited,100,4723
2,61743,745,-7,5,Excited,Excited,100,4724
2,61746,745,-7,5,Excited,Excited,100,4725
2,61755,745,-7,5,Excited,Excited,100,4726
2,61757,745,-7,5,Excited,Excited,100,4727
2,61760,745,-7,5,Excited,Excited,100,4728
2,61762,745,-7,5,Excited,Excited,100,4729
2,61772,745,-7,5,Excited,Excited,100,4730
2,61774,745,-7,5,Excited,Excited,100,4731
2,61777,745,-7,5,Excited,Excited,100,4732
2,61779,745,-7,5,Excited,Excited,100,4733
2,61788,745,-7,5,Excited,Excited,100,4734
2,61791,745,-7,5,Excited,Excited,100,4735
2,61793,745,-7,5,Excited,Excited,100,4736
2,61796,745,-7,5,Excited,Excited,100,4737
2,61805,745,-7,5,Excited,Excited,100,4738
2,61807,745,-7,5,Excited,Excited,100,4739
2,61810,745,-7,5,Excited,Excited,100,4740
2,61812,745,-7,5,Excited,Excited,100,4741
2,61822,745,-7,5,Excited,Excited,100,4742
2,61824,745,-7,5,Excited,Excited,100,4743
2,61827,745,-7,5,Excited,Excited,100,4744
2,61829,745,-7,5,Excited,Excited,100,4745
2,61838,745,-7,5,Excited,Excited,100,4746
2,61841,745,-7,5,Excited,Excited,100,4747
2,61843,745,-7,5,Excited,Excited,100,4748
2,61846,745,-7,5,Excited,Excited,100,4749
2,61855,745,-7,5,Excited,Excited,100,4750
2,61857,745,-7,5,Excited,Excited,100,4751
2,61860,745,-7,5,Excited,Excited,100,4752
2,61862,745,-7,5,Excited,Excited,100,4753
2,61872,745,-7,5,Excited,Excited,100,4754
2,61874,745,-7,5,Excited,Excited,100,4755
2,61877,745,-7,5,Excited,Excited,100,4756
2,61879,745,-7,5,Excited,Excited,100,4757
2,61888,745,-7,5,Excited,Excited,100,4758
2,61891,745,-7,5,Excited,Excited,100,4759
2,61893,745,-7,5,Excited,Excited,100,4760
2,61896,745,-7,5,Excited,Excited,100,4761
2,61905,745,-7,5,Excited,Excited,100,4762
2,61908,745,-7,5,Excited,Excited,100,4763
2,61910,745,-7,5,Excited,Excited,100,4764
2,61913,745,-7,5,Excited,Excited,100,4765
2,61922,745,-7,5,Excited,Excited,100,4766
2,61924,745,-7,5,Excited,Excited,100,4767
2,61927,745,-7,5,Excited,Excited,100,4768
2,61929,745,-7,5,Excited,Excited,100,4769
2,61938,745,-7,5,Excited,Excited,100,4770
2,61941,745,-7,5,Excited,Excited,100,4771
2,61943,745,-7,5,Excited,Excited,100,4772
2,61946,745,-7,5,Excited,Excited,100,4773
2,61955,745,-7,5,Excited,Excited,100,4774
2,61958,745,-7,5,Excited,Excited,100,4775
2,61960,745,-7,5,Excited,Excited,100,4776
2,61962,745,-7,5,Excited,Excited,100,4777
2,61972,745,-7,5,Excited,Excited,100,4778
2,61974,745,-7,5,Excited,Excited,100,4779
2,61977,745,-7,5,Excited,Excited,100,4780
2,61979,745,-7,5,Excited,Excited,100,4781
2,61988,745,-7,5,Excited,Excited,100,4782
2,61991,745,-7,5,Excited,Excited,100,4783
2,61993,745,-7,5,Excited,Excited,100,4784
2,61996,745,-7,5,Excited,Excited,100,4785
2,62005,745,-7,5,Excited,Excited,100,4786
2,62008,745,-7,5,Excited,Excited,100,4787
2,62010,745,-7,5,Excited,Excited,100,4788
2,62012,745,-7,5,Excited,Excited,100,4789
2,62022,745,-7,5,Excited,Excited,100,4790
2,62024,745,-7,5,Excited,Excited,100,4791
2,62027,745,-7,5,Excited,Excited,100,4792
2,62029,745,-7,5,Excited,Excited,100,4793
2,62038,745,-7,5,Excited,Excited,100,4794
2,62041,745,-7,5,Excited,Excited,100,4795
2,62043,745,-7,5,Excited,Excited,100,4796
2,62046,745,-7,5,Excited,Excited,100,4797
2,62055,745,-7,5,Excited,Excited,100,4798
2,62058,745,-7,5,Excited,Excited,100,4799
2,62060,745,-7,5,Excited,Excited,100,4800
2,62062,745,-7,5,Excited,Excited,100,4801
2,62072,745,-7,5,Excited,Excited,100,4802
2,62074,745,-7,5,Excited,Excited,100,4803
2,62077,745,-7,5,Excited,Excited,100,4804
2,62079,745,-7,5,Excited,Excited,100,4805
2,62088,745,-7,5,Excited,Excited,100,4806
2,62091,745,-7,5,Excited,Excited,100,4807
2,62093,744,-8,5,Excited,Excited,100,4808
2,62096,744,-8,5,Excited,Excited,100,4809
2,62105,744,-8,5,Excited,Excited,100,4810
2,62108,744,-8,5,Excited,Excited,100,4811
2,62110,744,-8,5,Excited,Excited,100,4812
2,62113,744,-8,5,Excited,Excited,100,4813
2,62122,744,-8,5,Excited,Excited,100,4814
2,62124,744,-8,5,Excited,Excited,100,4815
2,62127,744,-8,5,Excited,Excited,100,4816
2,62129,744,-8,5,Excited,Excited,100,4817
2,62138,744,-8,5,Excited,Excited,100,4818
2,62141,744,-8,5,Excited,Excited,100,4819
2,62143,744,-8,5,Excited,Excited,100,4820
2,62146,744,-8,5,Excited,Excited,100,4821
2,62155,744,-8,5,Excited,Excited,100,4822
2,62158,744,-8,5,Excited,Excited,100,4823
2,62160,744,-8,5,Excited,Excited,100,4824
2,62162,744,-8,5,Excited,Excited,100,4825
2,62172,744,-8,5,Excited,Excited,100,4826
2,62174,744,-8,5,Excited,Excited,100,4827
2,62177,744,-8,5,Excited,Excited,100,4828
2,62179,744,-8,5,Excited,Excited,100,4829
2,62188,744,-8,5,Excited,Excited,100,4830
2,62191,744,-8,5,Excited,Excited,100,4831
2,62193,744,-8,5,Excited,Excited,100,4832
2,62196,744,-7,5,Excited,Excited,100,4833
2,62205,744,-7,5,Excited,Excited,100,4834
2,62208,744,-7,5,Excited,Excited,100,4835
2,62210,744,-7,5,Excited,Excited,100,4836
2,62212,744,-7,5,Excited,Excited,100,4837
2,62222,744,-7,5,Excited,Excited,100,4838
2,62224,744,-7,5,Excited,Excited,100,4839
2,62227,744,-7,5,Excited,Excited,100,4840
2,62229,744,-7,5,Excited,Excited,100,4841
2,62238,744,-7,5,Excited,Excited,100,4842
2,62241,744,-7,5,Excited,Excited,100,4843
2,62243,744,-7,5,Excited,Excited,100,4844
2,62246,744,-7,5,Excited,Excited,100,4845
2,62255,744,-7,5,Excited,Excited,100,4846
2,62258,744,-7,5,Excited,Excited,100,4847
2,62260,744,-7,5,Excited,Excited,100,4848
2,62263,744,-7,5,Excited,Excited,100,4849
2,62272,744,-7,5,Excited,Excited,100,4850
2,62274,744,-7,5,Excited,Excited,100,4851
2,62277,744,-7,5,Excited,Excited,100,4852
2,62279,744,-7,5,Excited,Excited,100,4853
2,62288,744,-7,5,Excited,Excited,100,4854
2,62291,744,-7,5,Excited,Excited,100,4855
2,62293,744,-7,5,Excited,Excited,100,4856
2,62296,744,-7,5,Excited,Excited,100,4857
2,62305,744,-7,5,Excited,Excited,100,4858
2,62307,744,-7,5,Excited,Excited,100,4859
2,62310,744,-7,5,Excited,Excited,100,4860
2,62312,744,-7,5,Excited,Excited,100,4861
2,62322,744,-7,5,Excited,Excited,100,4862
2,62324,744,-7,5,Excited,Excited,100,4863
2,62326,744,-7,5,Excited,Excited,100,4864
2,62329,744,-7,5,Excited,Excited,100,4865
2,62338,744,-7,5,Excited,Excited,100,4866
2,62341,744,-7,5,Excited,Excited,100,4867
2,62343,744,-7,5,Excited,Excited,100,4868
2,62346,744,-7,5,Excited,Excited,100,4869
2,62355,744,-7,5,Excited,Excited,100,4870
2,62358,744,-7,5,Excited,Excited,100,4871
2,62360,744,-7,5,Excited,Excited,100,4872
2,62362,744,-7,5,Excited,Excited,100,4873
2,62372,744,-7,5,Excited,Excited,100,4874
2,62374,744,-7,5,Excited,Excited,100,4875
2,62377,744,-7,5,Excited,Excited,100,4876
2,62379,744,-7,5,Excited,Excited,100,4877
2,62388,744,-7,5,Excited,Excited,100,4878
2,62391,744,-7,5,Excited,Excited,100,4879
2,62393,744,-7,5,Excited,Excited,100,4880
2,62396,744,-7,5,Excited,Excited,100,4881
2,62405,744,-7,5,Excited,Excited,100,4882
2,62408,744,-7,5,Excited,Excited,100,4883
2,62410,744,-7,5,Excited,Excited,100,4884
2,62413,744,-7,5,Excited,Excited,100,4885
2,62422,744,-7,5,Excited,Excited,100,4886
2,62424,744,-7,5,Excited,Excited,100,4887
2,62427,744,-7,5,Excited,Excited,100,4888
2,62429,744,-7,5,Excited,Excited,100,4889
2,62438,744,-7,5,Excited,Excited,100,4890
2,62441,744,-7,5,Excited,Excited,100,4891
2,62444,744,-7,5,Excited,Excited,100,4892
2,62446,744,-7,5,Excited,Excited,100,4893
2,62455,743,-8,5,Excited,Excited,100,4894
2,62457,743,-8,5,Excited,Excited,100,4895
2,62460,743,-8,5,Excited,Excited,100,4896
2,62462,743,-8,5,Excited,Excited,100,4897
2,62472,743,-8,5,Excited,Excited,100,4898
2,62474,743,-8,5,Excited,Excited,100,4899
2,62477,743,-8,5,Excited,Excited,100,4900
2,62479,743,-8,5,Excited,Excited,100,4901
2,62488,743,-8,5,Excited,Excited,100,4902
2,62491,743,-8,5,Excited,Excited,100,4903
2,62493,743,-8,5,Excited,Excited,100,4904
2,62496,743,-8,5,Excited,Excited,100,4905
2,62505,743,-8,5,Excited,Excited,100,4906
2,62508,743,-8,5,Excited,Excited,100,4907
2,62510,743,-8,5,Excited,Excited,100,4908
2,62513,743,-8,5,Excited,Excited,100,4909
2,62522,743,-8,5,Excited,Excited,100,4910
2,62524,743,-8,5,Excited,Excited,100,4911
2,62526,743,-8,5,Excited,Excited,100,4912
2,62529,743,-8,5,Excited,Excited,100,4913
2,62538,743,-8,5,Excited,Excited,100,4914
2,62541,743,-8,5,Excited,Excited,100,4915
2,62544,743,-8,5,Excited,Excited,100,4916
2,62546,743,-8,5,Excited,Excited,100,4917
2,62555,743,-8,5,Excited,Excited,100,4918
2,62557,743,-7,5,Excited,Excited,100,4919
2,62560,743,-7,5,Excited,Excited,100,4920
2,62562,743,-7,5,Excited,Excited,100,4921
2,62572,743,-7,5,Excited,Excited,100,4922
2,62574,743,-7,5,Excited,Excited,100,4923
2,62577,743,-7,5,Excited,Excited,100,4924
2,62579,743,-7,5,Excited,Excited,100,4925
2,62588,743,-7,5,Excited,Excited,100,4926
2,62591,743,-7,5,Excited,Excited,100,4927
2,62593,743,-7,5,Excited,Excited,100,4928
2,62596,743,-7,5,Excited,Excited,100,4929
2,62605,743,-7,5,Excited,Excited,100,4930
2,62607,743,-7,5,Excited,Excited,100,4931
2,62610,743,-7,5,Excited,Excited,100,4932
2,62612,743,-7,5,Excited,Excited,100,4933
2,62622,743,-7,5,Excited,Excited,100,4934
2,62624,743,-7,5,Excited,Excited,100,4935
2,62626,743,-7,5,Excited,Excited,100,4936
2,62629,743,-7,5,Excited,Excited,100,4937
2,62638,743,-7,5,Excited,Excited,100,4938
2,62641,743,-7,5,Excited,Excited,100,4939
2,62644,743,-7,5,Excited,Excited,100,4940
2,62646,743,-7,5,Excited,Excited,100,4941
2,62655,743,-7,5,Excited,Excited,100,4942
2,62658,743,-7,5,Excited,Excited,100,4943
2,62660,743,-7,5,Excited,Excited,100,4944
2,62662,743,-7,5,Excited,Excited,100,4945
2,62672,743,-7,5,Excited,Excited,100,4946
2,62674,743,-7,5,Excited,Excited,100,4947
2,62677,743,-7,5,Excited,Excited,100,4948
2,62679,743,-7,5,Excited,Excited,100,4949
2,62688,743,-7,5,Excited,Excited,100,4950
2,62691,743,-7,5,Excited,Excited,100,4951
2,62693,743,-7,5,Excited,Excited,100,4952
2,62696,743,-7,5,Excited,Excited,100,4953
2,62705,743,-7,5,Excited,Excited,100,4954
2,62708,743,-7,5,Excited,Excited,100,4955
2,62710,743,-7,5,Excited,Excited,100,4956
2,62712,743,-7,5,Excited,Excited,100,4957
2,62722,743,-7,5,Excited,Excited,100,4958
2,62724,743,-7,5,Excited,Excited,100,4959
2,62727,743,-7,5,Excited,Excited,100,4960
2,62729,743,-7,5,Excited,Excited,100,4961
2,62738,743,-7,5,Excited,Excited,100,4962
2,62741,743,-7,5,Excited,Excited,100,4963
2,62743,743,-7,5,Excited,Excited,100,4964
2,62746,743,-7,5,Excited,Excited,100,4965
2,62755,743,-7,5,Excited,Excited,100,4966
2,62758,743,-7,5,Excited,Excited,100,4967
2,62760,743,-7,5,Excited,Excited,100,4968
2,62762,743,-7,5,Excited,Excited,100,4969
2,62772,743,-7,5,Excited,Excited,100,4970
2,62774,743,-7,5,Excited,Excited,100,4971
2,62776,743,-7,5,Excited,Excited,100,4972
2,62779,743,-7,5,Excited,Excited,100,4973
2,62788,743,-7,5,Excited,Excited,100,4974
2,62791,743,-7,5,Excited,Excited,100,4975
2,62794,743,-7,5,Excited,Excited,100,4976
2,62796,743,-7,5,Excited,Excited,100,4977
2,62805,743,-7,5,Excited,Excited,100,4978
2,62808,743,-7,5,Excited,Excited,100,4979
2,62810,743,-7,5,Excited,Excited,100,4980
2,62812,743,-7,5,Excited,Excited,100,4981
2,62822,743,-7,5,Excited,Excited,100,4982
2,62824,743,-7,5,Excited,Excited,100,4983
2,62827,743,-7,5,Excited,Excited,100,4984
2,62829,743,-7,5,Excited,Excited,100,4985
2,62838,743,-7,5,Excited,Excited,100,4986
2,62841,743,-7,5,Excited,Excited,100,4987
2,62843,743,-7,5,Excited,Excited,100,4988
2,62846,743,-7,5,Excited,Excited,100,4989
2,62855,743,-7,5,Excited,Excited,100,4990
2,62858,743,-7,5,Excited,Excited,100,4991
2,62860,743,-7,5,Excited,Excited,100,4992
2,62863,743,-7,5,Excited,Excited,100,4993
2,62872,743,-7,5,Excited,Excited,100,4994
2,62874,743,-7,5,Excited,Excited,100,4995
2,62877,743,-7,5,Excited,Excited,100,4996
2,62879,743,-7,5,Excited,Excited,100,4997
2,62888,743,-7,5,Excited,Excited,100,4998
2,62891,743,-7,5,Excited,Excited,100,4999
2,62893,743,-7,5,Excited,Excited,100,5000
2,62895,743,-7,5,Excited,Excited,100,5001
2,62905,743,-7,5,Excited,Excited,100,5002
2,62908,743,-7,5,Excited,Excited,100,5003
2,62911,743,-7,5,Excited,Excited,100,5004
2,62913,743,-6,5,Excited,Excited,100,5005
2,62922,743,-6,5,Excited,Excited,100,5006
2,62924,743,-6,5,Excited,Excited,100,5007
2,62927,743,-6,5,Excited,Excited,100,5008
2,62929,743,-6,5,Excited,Excited,100,5009
2,62938,743,-6,5,Excited,Excited,100,5010
2,62941,743,-6,5,Excited,Excited,100,5011
2,62943,743,-6,5,Excited,Excited,100,5012
2,62946,743,-6,5,Excited,Excited,100,5013
2,62955,743,-6,5,Excited,Excited,100,5014
2,62957,743,-6,5,Excited,Excited,100,5015
2,62960,743,-6,5,Excited,Excited,100,5016
2,62962,743,-6,5,Excited,Excited,100,5017
2,62972,743,-6,5,Excited,Excited,100,5018
2,62974,743,-6,5,Excited,Excited,100,5019
2,62977,743,-6,5,Excited,Excited,100,5020
2,62979,743,-6,5,Excited,Excited,100,5021
2,62988,743,-6,5,Excited,Excited,100,5022
2,62991,743,-6,5,Excited,Excited,100,5023
2,62993,743,-6,5,Excited,Excited,100,5024
2,62996,743,-6,5,Excited,Excited,100,5025
2,63005,743,-6,5,Excited,Excited,100,5026
2,63008,743,-6,5,Excited,Excited,100,5027
2,63010,743,-6,5,Excited,Excited,100,5028
2,63013,743,-6,5,Excited,Excited,100,5029
2,63022,742,-7,5,Excited,Excited,100,5030
2,63024,742,-7,5,Excited,Excited,100,5031
2,63027,742,-7,5,Excited,Excited,100,5032
2,63029,742,-7,5,Excited,Excited,100,5033
2,63038,742,-7,5,Excited,Excited,100,5034
2,63041,742,-7,5,Excited,Excited,100,5035
2,63043,742,-7,5,Excited,Excited,100,5036
2,63046,742,-7,5,Excited,Excited,100,5037
2,63055,742,-7,5,Excited,Excited,100,5038
2,63058,742,-7,5,Excited,Excited,100,5039
2,63060,742,-7,5,Excited,Excited,100,5040
2,63063,742,-7,5,Excited,Excited,100,5041
2,63072,742,-7,5,Excited,Excited,100,5042
2,63074,743,-6,5,Excited,Excited,100,5043
2,63077,743,-6,5,Excited,Excited,100,5044
2,63079,743,-6,5,Excited,Excited,100,5045
2,63088,743,-6,5,Excited,Excited,100,5046
2,63091,743,-6,5,Excited,Excited,100,5047
2,63093,743,-6,5,Excited,Excited,100,5048
2,63096,743,-6,5,Excited,Excited,100,5049
2,63105,743,-6,5,Excited,Excited,100,5050
2,63108,743,-6,5,Excited,Excited,100,5051
2,63110,743,-6,5,Excited,Excited,100,5052
2,63113,743,-6,5,Excited,Excited,100,5053
2,63122,743,-6,5,Excited,Excited,100,5054
2,63124,742,-7,5,Excited,Excited,100,5055
2,63127,742,-7,5,Excited,Excited,100,5056
2,63129,742,-7,5,Excited,Excited,100,5057
2,63138,742,-7,5,Excited,Excited,100,5058
2,63141,742,-7,5,Excited,Excited,100,5059
2,63143,742,-7,5,Excited,Excited,100,5060
2,63146,742,-7,5,Excited,Excited,100,5061
2,63155,742,-7,5,Excited,Excited,100,5062
2,63158,742,-7,5,Excited,Excited,100,5063
2,63160,742,-7,5,Excited,Excited,100,5064
2,63162,742,-7,5,Excited,Excited,100,5065
2,63172,742,-7,5,Excited,Excited,100,5066
2,63174,742,-7,5,Excited,Excited,100,5067
2,63176,742,-7,5,Excited,Excited,100,5068
2,63179,742,-7,5,Excited,Excited,100,5069
2,63188,742,-7,5,Excited,Excited,100,5070
2,63191,742,-7,5,Excited,Excited,100,5071
2,63193,742,-7,5,Excited,Excited,100,5072
2,63195,742,-7,5,Excited,Excited,100,5073
2,63205,742,-7,5,Excited,Excited,100,5074
2,63207,742,-7,5,Excited,Excited,100,5075
2,63210,742,-7,5,Excited,Excited,100,5076
2,63212,742,-7,5,Excited,Excited,100,5077
2,63222,742,-7,5,Excited,Excited,100,5078
2,63224,742,-7,5,Excited,Excited,100,5079
2,63227,742,-7,5,Excited,Excited,100,5080
2,63229,742,-7,5,Excited,Excited,100,5081
2,63238,742,-7,5,Excited,Excited,100,5082
2,63241,742,-7,5,Excited,Excited,100,5083
2,63243,742,-7,5,Excited,Excited,100,5084
2,63246,742,-7,5,Excited,Excited,100,5085
2,63255,742,-7,5,Excited,Excited,100,5086
2,63257,742,-7,5,Excited,Excited,100,5087
2,63260,742,-7,5,Excited,Excited,100,5088
2,63262,742,-7,5,Excited,Excited,100,5089
2,63272,742,-7,5,Excited,Excited,100,5090
2,63274,742,-6,5,Excited,Excited,100,5091
2,63277,742,-6,5,Excited,Excited,100,5092
2,63279,742,-6,5,Excited,Excited,100,5093
2,63288,742,-6,5,Excited,Excited,100,5094
2,63291,742,-6,5,Excited,Excited,100,5095
2,63293,742,-6,5,Excited,Excited,100,5096
2,63296,742,-6,5,Excited,Excited,100,5097
2,63305,742,-6,5,Excited,Excited,100,5098
2,63308,742,-6,5,Excited,Excited,100,5099
2,63310,742,-6,5,Excited,Excited,100,5100
2,63313,742,-6,5,Excited,Excited,100,5101
2,63322,742,-6,5,Excited,Excited,100,5102
2,63324,742,-6,5,Excited,Excited,100,5103
2,63327,742,-6,5,Excited,Excited,100,5104
2,63329,742,-6,5,Excited,Excited,100,5105
2,63338,742,-6,5,Excited,Excited,100,5106
2,63341,742,-6,5,Excited,Excited,100,5107
2,63343,742,-6,5,Excited,Excited,100,5108
2,63346,742,-6,5,Excited,Excited,100,5109
2,63355,742,-6,5,Excited,Excited,100,5110
2,63357,742,-6,5,Excited,Excited,100,5111
2,63360,742,-6,5,Excited,Excited,100,5112
2,63362,742,-6,5,Excited,Excited,100,5113
2,63372,742,-6,5,Excited,Excited,100,5114
2,63374,742,-6,5,Excited,Excited,100,5115
2,63377,742,-6,5,Excited,Excited,100,5116
2,63379,742,-6,5,Excited,Excited,100,5117
2,63388,742,-6,5,Excited,Excited,100,5118
2,63391,742,-6,5,Excited,Excited,100,5119
2,63393,742,-6,5,Excited,Excited,100,5120
2,63396,742,-6,5,Excited,Excited,100,5121
2,63405,742,-6,5,Excited,Excited,100,5122
2,63408,742,-6,5,Excited,Excited,100,5123
2,63410,742,-6,5,Excited,Excited,100,5124
2,63413,742,-6,5,Excited,Excited,100,5125
2,63422,742,-6,5,Excited,Excited,100,5126
2,63425,742,-6,5,Excited,Excited,100,5127
2,63427,742,-6,5,Excited,Excited,100,5128
2,63430,742,-6,5,Excited,Excited,100,5129
2,63438,742,-6,5,Excited,Excited,100,5130
2,63441,742,-6,5,Excited,Excited,100,5131
2,63443,742,-6,5,Excited,Excited,100,5132
2,63446,742,-6,5,Excited,Excited,100,5133
2,63455,742,-6,5,Excited,Excited,100,5134
2,63458,742,-6,5,Excited,Excited,100,5135
2,63460,742,-6,5,Excited,Excited,100,5136
2,63463,742,-6,5,Excited,Excited,100,5137
2,63472,742,-6,5,Excited,Excited,100,5138
2,63474,742,-6,5,Excited,Excited,100,5139
2,63477,742,-6,5,Excited,Excited,100,5140
2,63479,742,-6,5,Excited,Excited,100,5141
2,63488,742,-6,5,Excited,Excited,100,5142
2,63491,742,-6,5,Excited,Excited,100,5143
2,63493,742,-6,5,Excited,Excited,100,5144
2,63496,742,-6,5,Excited,Excited,100,5145
2,63505,742,-6,5,Excited,Excited,100,5146
2,63507,742,-6,5,Excited,Excited,100,5147
2,63510,742,-6,5,Excited,Excited,100,5148
2,63512,742,-6,5,Excited,Excited,100,5149
2,63522,742,-6,5,Excited,Excited,100,5150
2,63524,742,-6,5,Excited,Excited,100,5151
2,63527,742,-6,5,Excited,Excited,100,5152
2,63529,742,-6,5,Excited,Excited,100,5153
2,63538,742,-6,5,Excited,Excited,100,5154
2,63541,742,-6,5,Excited,Excited,100,5155
2,63543,742,-6,5,Excited,Excited,100,5156
2,63545,742,-6,5,Excited,Excited,100,5157
2,63555,742,-6,5,Excited,Excited,100,5158
2,63558,742,-6,5,Excited,Excited,100,5159
2,63560,742,-6,5,Excited,Excited,100,5160
2,63562,742,-6,5,Excited,Excited,100,5161
2,63572,742,-6,5,Excited,Excited,100,5162
2,63574,742,-6,5,Excited,Excited,100,5163
2,63577,742,-6,5,Excited,Excited,100,5164
2,63579,742,-6,5,Excited,Excited,100,5165
2,63588,742,-6,5,Excited,Excited,100,5166
2,63591,742,-6,5,Excited,Excited,100,5167
2,63593,742,-6,5,Excited,Excited,100,5168
2,63596,742,-6,5,Excited,Excited,100,5169
2,63605,742,-6,5,Excited,Excited,100,5170
2,63608,742,-6,5,Excited,Excited,100,5171
2,63610,742,-6,5,Excited,Excited,100,5172
2,63613,742,-6,5,Excited,Excited,100,5173
2,63622,742,-6,5,Excited,Excited,100,5174
2,63624,742,-6,5,Excited,Excited,100,5175
2,63626,742,-6,5,Excited,Excited,100,5176
2,63629,742,-6,5,Excited,Excited,100,5177
2,63638,742,-6,5,Excited,Excited,100,5178
2,63641,742,-5,5,Excited,Excited,100,5179
2,63643,742,-5,5,Excited,Excited,100,5180
2,63646,742,-5,5,Excited,Excited,100,5181
2,63655,742,-5,5,Excited,Excited,100,5182
2,63658,742,-5,5,Excited,Excited,100,5183
2,63660,742,-5,5,Excited,Excited,100,5184
2,63662,742,-5,5,Excited,Excited,100,5185
2,63672,742,-5,5,Excited,Excited,100,5186
2,63674,742,-5,5,Excited,Excited,100,5187
2,63677,742,-5,5,Excited,Excited,100,5188
2,63679,742,-5,5,Excited,Excited,100,5189
2,63688,742,-5,5,Excited,Excited,100,5190
2,63691,742,-5,5,Excited,Excited,100,5191
2,63693,742,-5,5,Excited,Excited,100,5192
2,63695,742,-5,5,Excited,Excited,100,5193
2,63705,742,-5,5,Excited,Excited,100,5194
2,63708,742,-5,5,Excited,Excited,100,5195
2,63710,742,-5,5,Excited,Excited,100,5196
2,63712,742,-5,5,Excited,Excited,100,5197
2,63722,742,-5,5,Excited,Excited,100,5198
2,63725,742,-5,5,Excited,Excited,100,5199
2,63728,742,-5,5,Excited,Excited,100,5200
2,63739,742,-5,5,Excited,Excited,100,5201
2,63742,742,-5,5,Excited,Excited,100,5202
2,63745,742,-5,5,Excited,Excited,100,5203
2,63755,742,-5,5,Excited,Excited,100,5204
2,63758,742,-5,5,Excited,Excited,100,5205
2,63761,742,-5,5,Excited,Excited,100,5206
2,63765,742,-5,5,Excited,Excited,100,5207
2,63772,742,-5,5,Excited,Excited,100,5208
2,63776,742,-5,5,Excited,Excited,100,5209
2,63778,742,-5,5,Excited,Excited,100,5210
2,63788,742,-5,5,Excited,Excited,100,5211
2,63791,742,-5,5,Excited,Excited,100,5212
2,63794,742,-5,5,Excited,Excited,100,5213
2,63796,742,-5,5,Excited,Excited,100,5214
2,63805,742,-5,5,Excited,Excited,100,5215
2,63808,742,-5,5,Excited,Excited,100,5216
2,63810,742,-5,5,Excited,Excited,100,5217
2,63813,742,-5,5,Excited,Excited,100,5218
2,63822,742,-5,5,Excited,Excited,100,5219
2,63824,742,-5,5,Excited,Excited,100,5220
2,63827,742,-5,5,Excited,Excited,100,5221
2,63829,742,-5,5,Excited,Excited,100,5222
2,63838,742,-5,5,Excited,Excited,100,5223
2,63841,741,-6,5,Excited,Excited,100,5224
2,63843,741,-6,5,Excited,Excited,100,5225
2,63846,741,-6,5,Excited,Excited,100,5226
2,63855,741,-6,5,Excited,Excited,100,5227
2,63858,741,-6,5,Excited,Excited,100,5228
2,63860,741,-6,5,Excited,Excited,100,5229
2,63863,741,-6,5,Excited,Excited,100,5230
2,63872,741,-6,5,Excited,Excited,100,5231
2,63874,741,-6,5,Excited,Excited,100,5232
2,63877,741,-6,5,Excited,Excited,100,5233
2,63879,741,-6,5,Excited,Excited,100,5234
2,63888,741,-6,5,Excited,Excited,100,5235
2,63891,742,-5,5,Excited,Excited,100,5236
2,63893,742,-5,5,Excited,Excited,100,5237
2,63896,742,-5,5,Excited,Excited,100,5238
2,63905,742,-5,5,Excited,Excited,100,5239
2,63908,742,-5,5,Excited,Excited,100,5240
2,63910,742,-5,5,Excited,Excited,100,5241
2,63913,742,-5,5,Excited,Excited,100,5242
2,63922,742,-5,5,Excited,Excited,100,5243
2,63924,742,-5,5,Excited,Excited,100,5244
2,63927,742,-5,5,Excited,Excited,100,5245
2,63929,742,-5,5,Excited,Excited,100,5246
2,63938,742,-5,5,Excited,Excited,100,5247
2,63941,742,-5,5,Excited,Excited,100,5248
2,63943,742,-5,5,Excited,Excited,100,5249
2,63946,742,-5,5,Excited,Excited,100,5250
2,63955,742,-5,5,Excited,Excited,100,5251
2,63958,742,-5,5,Excited,Excited,100,5252
2,63960,742,-5,5,Excited,Excited,100,5253
2,63963,742,-5,5,Excited,Excited,100,5254
2,63972,742,-5,5,Excited,Excited,100,5255
2,63974,742,-5,5,Excited,Excited,100,5256
2,63977,742,-5,5,Excited,Excited,100,5257
2,63979,742,-5,5,Excited,Excited,100,5258
2,63988,742,-5,5,Excited,Excited,100,5259
2,63991,742,-5,5,Excited,Excited,100,5260
2,63993,742,-4,5,Excited,Excited,100,5261
2,63996,742,-4,5,Excited,Excited,100,5262
2,64005,742,-4,5,Excited,Excited,100,5263
2,64008,742,-4,5,Excited,Excited,100,5264
2,64010,742,-4,5,Excited,Excited,100,5265
2,64012,742,-4,5,Excited,Excited,100,5266
2,64022,742,-4,5,Excited,Excited,100,5267
2,64024,742,-4,5,Excited,Excited,100,5268
2,64027,742,-4,5,Excited,Excited,100,5269
2,64029,742,-4,5,Excited,Excited,100,5270
2,64038,742,-4,5,Excited,Excited,100,5271
2,64041,742,-4,5,Excited,Excited,100,5272
2,64043,742,-4,5,Excited,Excited,100,5273
2,64045,742,-4,5,Excited,Excited,100,5274
2,64055,742,-4,5,Excited,Excited,100,5275
2,64057,742,-4,5,Excited,Excited,100,5276
2,64060,742,-4,5,Excited,Excited,100,5277
2,64062,742,-4,5,Excited,Excited,100,5278
2,64072,742,-4,5,Excited,Excited,100,5279
2,64074,742,-4,5,Excited,Excited,100,5280
2,64077,742,-4,5,Excited,Excited,100,5281
2,64079,742,-4,5,Excited,Excited,100,5282
2,64088,742,-4,5,Excited,Excited,100,5283
2,64091,742,-4,5,Excited,Excited,100,5284
2,64093,742,-4,5,Excited,Excited,100,5285
2,64096,741,-5,5,Excited,Calmed,0,5285
2,64105,741,-5,5,Excited,Calmed,0,5285
2,64108,741,-5,5,Excited,Calmed,0,5285
2,64110,741,-5,5,Excited,Calmed,0,5285
2,64112,741,-5,5,Excited,Calmed,0,5285
2,64122,741,-5,5,Excited,Calmed,0,5285
2,64124,741,-5,5,Excited,Calmed,0,5285
2,64126,741,-5,5,Excited,Calmed,0,5285
2,64129,741,-5,5,Excited,Calmed,0,5285
2,64138,741,-5,5,Excited,Calmed,0,5285
2,64141,741,-5,5,Excited,Calmed,0,5285
2,64144,741,-5,5,Excited,Calmed,0,5285
2,64146,742,-4,5,Excited,Calmed,0,5285
2,64155,742,-4,5,Excited,Calmed,0,5285
2,64158,742,-4,5,Excited,Calmed,0,5285
2,64160,742,-4,5,Excited,Calmed,0,5285
2,64163,742,-4,5,Excited,Calmed,0,5285
2,64172,742,-4,5,Excited,Calmed,0,5285
2,64174,742,-4,5,Excited,Calmed,0,5285
2,64177,742,-4,5,Excited,Calmed,0,5285
2,64179,742,-4,5,Excited,Calmed,0,5285
2,64188,742,-4,5,Excited,Calmed,0,5285
2,64191,742,-4,5,Excited,Calmed,0,5285
2,64194,742,-4,5,Excited,Calmed,0,5285
2,64196,742,-4,5,Excited,Calmed,0,5285
2,64205,742,-4,5,Excited,Calmed,0,5285
2,64208,742,-4,5,Excited,Calmed,0,5285
2,64210,742,-4,5,Excited,Calmed,0,5285
2,64212,742,-4,5,Excited,Calmed,0,5285
2,64222,742,-4,5,Excited,Calmed,0,5285
2,64224,742,-4,5,Excited,Calmed,0,5285
2,64227,742,-4,5,Excited,Calmed,0,5285
2,64229,742,-4,5,Excited,Calmed,0,5285
2,64238,742,-4,5,Excited,Calmed,0,5285
2,64241,742,-4,5,Excited,Calmed,0,5285
2,64243,742,-4,5,Excited,Calmed,0,5285
2,64246,742,-4,5,Excited,Calmed,0,5285
2,64255,741,-4,5,Excited,Calmed,0,5285
2,64257,741,-4,5,Excited,Calmed,0,5285
2,64260,741,-4,5,Excited,Calmed,0,5285
2,64262,741,-4,5,Excited,Calmed,0,5285
2,64272,741,-4,5,Excited,Calmed,0,5285
2,64274,741,-4,5,Excited,Calmed,0,5285
2,64277,741,-4,5,Excited,Calmed,0,5285
2,64279,741,-4,5,Excited,Calmed,0,5285
2,64288,741,-4,5,Excited,Calmed,0,5285
2,64291,741,-4,5,Excited,Calmed,0,5285
2,64293,741,-4,5,Excited,Calmed,0,5285
2,64296,741,-4,5,Excited,Calmed,0,5285
2,64305,741,-4,5,Excited,Calmed,0,5285
2,64308,741,-4,5,Excited,Calmed,0,5285
2,64310,741,-4,5,Excited,Calmed,0,5285
2,64312,741,-4,5,Excited,Calmed,0,5285
2,64321,741,-4,5,Excited,Calmed,0,5285
2,64324,741,-4,5,Excited,Calmed,0,5285
2,64326,741,-4,5,Excited,Calmed,0,5285
2,64329,741,-4,5,Excited,Calmed,0,5285
2,64338,741,-4,5,Excited,Calmed,0,5285
2,64341,741,-4,5,Excited,Calmed,0,5285
2,64343,741,-4,5,Excited,Calmed,0,5285
2,64346,741,-4,5,Excited,Calmed,0,5285
2,64355,741,-4,5,Excited,Calmed,0,5285
2,64357,741,-4,5,Excited,Calmed,0,5285
2,64360,741,-4,5,Excited,Calmed,0,5285
2,64362,741,-4,5,Excited,Calmed,0,5285
2,64372,741,-4,5,Excited,Calmed,0,5285
2,64374,741,-4,5,Excited,Calmed,0,5285
2,64377,741,-4,5,Excited,Calmed,0,5285
2,64379,741,-4,5,Excited,Calmed,0,5285
2,64388,741,-4,5,Excited,Calmed,0,5285
2,64391,741,-4,5,Excited,Calmed,0,5285
2,64393,741,-4,5,Excited,Calmed,0,5285
2,64396,741,-4,5,Excited,Calmed,0,5285
2,64405,741,-4,5,Excited,Calmed,0,5285
2,64407,741,-4,5,Excited,Calmed,0,5285
2,64410,741,-4,5,Excited,Calmed,0,5285
2,64412,741,-4,5,Excited,Calmed,0,5285
2,64422,741,-4,5,Excited,Calmed,0,5285
2,64424,741,-4,5,Excited,Calmed,0,5285
2,64426,741,-4,5,Excited,Calmed,0,5285
2,64428,741,-4,5,Excited,Calmed,0,5285
2,64438,741,-4,5,Excited,Calmed,0,5285
2,64441,741,-4,5,Excited,Calmed,0,5285
2,64443,741,-4,5,Excited,Calmed,0,5285
2,64445,741,-4,5,Excited,Calmed,0,5285
2,64455,741,-4,5,Excited,Calmed,0,5285
2,64457,741,-4,5,Excited,Calmed,0,5285
2,64460,741,-4,5,Excited,Calmed,0,5285
2,64462,741,-4,5,Excited,Calmed,0,5285
2,64472,741,-4,5,Excited,Calmed,0,5285
2,64474,741,-4,5,Excited,Calmed,0,5285
2,64476,741,-4,5,Excited,Calmed,0,5285
2,64479,741,-4,5,Excited,Calmed,0,5285
2,64489,741,-4,5,Excited,Calmed,0,5285
2,64491,741,-4,5,Excited,Calmed,0,5285
2,64494,741,-4,5,Excited,Calmed,0,5285
2,64496,741,-4,5,Excited,Calmed,0,5285
2,64505,741,-4,5,Excited,Calmed,0,5285
2,64508,741,-4,5,Excited,Calmed,0,5285
2,64510,741,-4,5,Excited,Calmed,0,5285
2,64512,741,-4,5,Excited,Calmed,0,5285
2,64522,741,-4,5,Excited,Calmed,0,5285
2,64524,741,-4,5,Excited,Calmed,0,5285
2,64526,741,-4,5,Excited,Calmed,0,5285
2,64529,741,-4,5,Excited,Calmed,0,5285
2,64538,741,-4,5,Excited,Calmed,0,5285
2,64541,741,-4,5,Excited,Calmed,0,5285
2,64543,741,-4,5,Excited,Calmed,0,5285
2,64546,741,-4,5,Excited,Calmed,0,5285
2,64555,741,-4,5,Excited,Calmed,0,5285
2,64558,741,-4,5,Excited,Calmed,0,5285
2,64560,741,-4,5,Excited,Calmed,0,5285
2,64562,741,-4,5,Excited,Calmed,0,5285
2,64572,741,-4,5,Excited,Calmed,0,5285
2,64574,741,-4,5,Excited,Calmed,0,5285
2,64577,741,-4,5,Excited,Calmed,0,5285
2,64579,741,-4,5,Excited,Calmed,0,5285
2,64588,741,-4,5,Excited,Calmed,0,5285
2,64591,741,-4,5,Excited,Calmed,0,5285
2,64593,741,-4,5,Excited,Calmed,0,5285
2,64596,741,-4,5,Excited,Calmed,0,5285
2,64605,741,-4,5,Excited,Calmed,0,5285
2,64608,741,-3,5,Excited,Calmed,0,5285
2,64610,741,-3,5,Excited,Calmed,0,5285
2,64612,741,-3,5,Excited,Calmed,0,5285
2,64621,741,-3,5,Excited,Calmed,0,5285
2,64624,741,-3,5,Excited,Calmed,0,5285
2,64626,741,-3,5,Excited,Calmed,0,5285
2,64628,741,-3,5,Excited,Calmed,0,5285
2,64638,741,-3,5,Excited,Calmed,0,5285
2,64641,741,-3,5,Excited,Calmed,0,5285
2,64643,741,-3,5,Excited,Calmed,0,5285
2,64646,741,-3,5,Excited,Calmed,0,5285
2,64655,741,-3,5,Excited,Calmed,0,5285
2,64657,741,-3,5,Excited,Calmed,0,5285
2,64660,741,-3,5,Excited,Calmed,0,5285
2,64662,741,-3,5,Excited,Calmed,0,5285
2,64672,741,-3,5,Excited,Calmed,0,5285
2,64674,741,-3,5,Excited,Calmed,0,5285
2,64677,741,-3,5,Excited,Calmed,0,5285
2,64679,741,-3,5,Excited,Calmed,0,5285
2,64688,741,-3,5,Excited,Calmed,0,5285
2,64691,741,-3,5,Excited,Calmed,0,5285
2,64693,741,-3,5,Excited,Calmed,0,5285
2,64696,741,-3,5,Excited,Calmed,0,5285
2,64705,741,-3,5,Excited,Calmed,0,5285
2,64707,741,-3,5,Excited,Calmed,0,5285
2,64710,741,-3,5,Excited,Calmed,0,5285
2,64712,741,-3,5,Excited,Calmed,0,5285
2,64722,741,-3,5,Excited,Calmed,0,5285
2,64724,741,-3,5,Excited,Calmed,0,5285
2,64726,741,-3,5,Excited,Calmed,0,5285
2,64729,741,-3,5,Excited,Calmed,0,5285
2,64738,741,-3,5,Excited,Calmed,0,5285
2,64741,741,-3,5,Excited,Calmed,0,5285
2,64743,741,-3,5,Excited,Calmed,0,5285
2,64746,741,-3,5,Excited,Calmed,0,5285
2,64755,741,-3,5,Excited,Calmed,0,5285
2,64757,741,-3,5,Excited,Calmed,0,5285
2,64760,741,-3,5,Excited,Calmed,0,5285
2,64762,741,-3,5,Excited,Calmed,0,5285
2,64772,741,-3,5,Excited,Calmed,0,5285
2,64774,741,-3,5,Excited,Calmed,0,5285
2,64777,741,-3,5,Excited,Calmed,0,5285
2,64780,741,-3,5,Excited,Calmed,0,5285
2,64788,741,-3,5,Excited,Calmed,0,5285
2,64791,741,-3,5,Excited,Calmed,0,5285
2,64794,741,-3,5,Excited,Calmed,0,5285
2,64796,741,-3,5,Excited,Calmed,0,5285
2,64805,741,-3,5,Excited,Calmed,0,5285
2,64808,741,-3,5,Excited,Calmed,0,5285
2,64810,741,-3,5,Excited,Calmed,0,5285
2,64813,741,-3,5,Excited,Calmed,0,5285
2,64822,741,-3,5,Excited,Calmed,0,5285
2,64824,741,-3,5,Excited,Calmed,0,5285
2,64827,741,-3,5,Excited,Calmed,0,5285
2,64829,741,-3,5,Excited,Calmed,0,5285
2,64838,741,-3,5,Excited,Calmed,0,5285
2,64841,741,-3,5,Excited,Calmed,0,5285
2,64843,741,-3,5,Excited,Calmed,0,5285
2,64845,741,-3,5,Excited,Calmed,0,5285
2,64855,741,-3,5,Excited,Calmed,0,5285
2,64858,741,-3,5,Excited,Calmed,0,5285
2,64860,741,-3,5,Excited,Calmed,0,5285
2,64863,741,-3,5,Excited,Calmed,0,5285
2,64872,741,-3,5,Excited,Calmed,0,5285
2,64874,741,-3,5,Excited,Calmed,0,5285
2,64877,741,-3,5,Excited,Calmed,0,5285
2,64879,741,-3,5,Excited,Calmed,0,5285
2,64888,741,-3,5,Excited,Calmed,0,5285
2,64891,741,-3,5,Excited,Calmed,0,5285
2,64893,741,-3,5,Excited,Calmed,0,5285
2,64896,741,-3,5,Excited,Calmed,0,5285
2,64905,741,-3,5,Excited,Calmed,0,5285
2,64907,741,-3,5,Excited,Calmed,0,5285
2,64910,741,-3,5,Excited,Calmed,0,5285
2,64912,741,-3,5,Excited,Calmed,0,5285
2,64922,741,-3,5,Excited,Calmed,0,5285
2,64924,741,-3,5,Excited,Calmed,0,5285
2,64927,741,-3,5,Excited,Calmed,0,5285
2,64929,741,-3,5,Excited,Calmed,0,5285
2,64938,741,-3,5,Excited,Calmed,0,5285
2,64941,741,-3,5,Excited,Calmed,0,5285
2,64943,741,-3,5,Excited,Calmed,0,5285
2,64946,741,-3,5,Excited,Calmed,0,5285
2,64955,741,-3,5,Excited,Calmed,0,5285
2,64957,741,-3,5,Excited,Calmed,0,5285
2,64960,741,-3,5,Excited,Calmed,0,5285
2,64962,741,-3,5,Excited,Calmed,0,5285
2,64972,741,-3,5,Excited,Calmed,0,5285
2,64974,741,-2,5,Excited,Calmed,0,5285
2,64977,741,-2,5,Excited,Calmed,0,5285
2,64979,741,-2,5,Excited,Calmed,0,5285
2,64988,741,-2,5,Excited,Calmed,0,5285
2,64991,741,-2,5,Excited,Calmed,0,5285
2,64993,741,-2,5,Excited,Calmed,0,5285
2,64996,741,-2,5,Excited,Calmed,0,5285
2,65005,741,-2,5,Excited,Calmed,0,5285
2,65007,741,-2,5,Excited,Calmed,0,5285
2,65010,741,-2,5,Excited,Calmed,0,5285
2,65012,741,-2,5,Excited,Calmed,0,5285
2,65022,741,-2,5,Excited,Calmed,0,5285
2,65024,741,-2,5,Excited,Calmed,0,5285
2,65027,741,-2,5,Excited,Calmed,0,5285
2,65029,741,-2,5,Excited,Calmed,0,5285
2,65038,741,-2,5,Excited,Calmed,0,5285
2,65041,741,-2,5,Excited,Calmed,0,5285
2,65043,741,-2,5,Excited,Calmed,0,5285
2,65045,741,-2,5,Excited,Calmed,0,5285
2,65055,741,-2,5,Excited,Calmed,0,5285
2,65058,741,-2,5,Excited,Calmed,0,5285
2,65060,741,-2,5,Excited,Calmed,0,5285
2,65062,741,-2,5,Excited,Calmed,0,5285
2,65072,741,-2,5,Excited,Calmed,0,5285
2,65074,741,-2,5,Excited,Calmed,0,5285
2,65077,741,-2,5,Excited,Calmed,0,5285
2,65079,741,-2,5,Excited,Calmed,0,5285
2,65088,741,-2,5,Excited,Calmed,0,5285
2,65091,741,-2,5,Excited,Calmed,0,5285
2,65093,741,-2,5,Excited,Calmed,0,5285
2,65095,741,-2,5,Excited,Calmed,0,5285
2,65105,741,-2,5,Excited,Calmed,0,5285
2,65108,741,-2,5,Excited,Calmed,0,5285
2,65110,741,-2,5,Excited,Calmed,0,5285
2,65113,741,-2,5,Excited,Calmed,0,5285
2,65121,741,-2,5,Excited,Calmed,0,5285
2,65124,741,-2,5,Excited,Calmed,0,5285
2,65126,741,-2,5,Excited,Calmed,0,5285
2,65129,741,-2,5,Excited,Calmed,0,5285
2,65138,741,-2,5,Excited,Calmed,0,5285
2,65141,741,-2,5,Excited,Calmed,0,5285
2,65143,741,-2,5,Excited,Calmed,0,5285
2,65146,741,-2,5,Excited,Calmed,0,5285
2,65155,741,-2,5,Excited,Calmed,0,5285
2,65158,741,-2,5,Excited,Calmed,0,5285
2,65160,741,-2,5,Excited,Calmed,0,5285
2,65163,741,-2,5,Excited,Calmed,0,5285
2,65172,741,-2,5,Excited,Calmed,0,5285
2,65174,741,-2,5,Excited,Calmed,0,5285
2,65177,741,-2,5,Excited,Calmed,0,5285
2,65179,741,-2,5,Excited,Calmed,0,5285
2,65188,741,-2,5,Excited,Calmed,0,5285
2,65191,741,-2,5,Excited,Calmed,0,5285
2,65193,741,-2,5,Excited,Calmed,0,5285
2,65196,741,-2,5,Excited,Calmed,0,5285
2,65205,741,-2,5,Excited,Calmed,0,5285
2,65207,741,-2,5,Excited,Calmed,0,5285
2,65210,741,-2,5,Excited,Calmed,0,5285
2,65212,741,-2,5,Excited,Calmed,0,5285
2,65222,741,-2,5,Excited,Calmed,0,5285
2,65224,741,-2,5,Excited,Calmed,0,5285
2,65226,741,-2,5,Excited,Calmed,0,5285
2,65229,741,-2,5,Excited,Calmed,0,5285
2,65238,741,-2,5,Excited,Calmed,0,5285
2,65241,741,-2,5,Excited,Calmed,0,5285
2,65243,741,-2,5,Excited,Calmed,0,5285
2,65246,741,-2,5,Excited,Calmed,0,5285
2,65255,741,-2,5,Excited,Calmed,0,5285
2,65257,741,-2,5,Excited,Calmed,0,5285
2,65260,741,-2,5,Excited,Calmed,0,5285
2,65262,741,-2,5,Excited,Calmed,0,5285
2,65272,741,-2,5,Excited,Calmed,0,5285
2,65274,741,-2,5,Excited,Calmed,0,5285
2,65276,741,-2,5,Excited,Calmed,0,5285
2,65279,741,-2,5,Excited,Calmed,0,5285
2,65288,741,-2,5,Excited,Calmed,0,5285
2,65291,741,-2,5,Excited,Calmed,0,5285
2,65293,741,-2,5,Excited,Calmed,0,5285
2,65295,741,-2,5,Excited,Calmed,0,5285
2,65305,741,-2,5,Excited,Calmed,0,5285
2,65308,741,-2,5,Excited,Calmed,0,5285
2,65310,741,-2,5,Excited,Calmed,0,5285
2,65312,741,-2,5,Excited,Calmed,0,5285
2,65322,741,-2,5,Excited,Calmed,0,5285
2,65324,741,-2,5,Excited,Calmed,0,5285
2,65326,741,-2,5,Excited,Calmed,0,5285
2,65329,741,-2,5,Excited,Calmed,0,5285
2,65338,741,-2,5,Excited,Calmed,0,5285
2,65341,741,-2,5,Excited,Calmed,0,5285
2,65343,741,-2,5,Excited,Calmed,0,5285
2,65345,741,-2,5,Excited,Calmed,0,5285
2,65355,741,-2,5,Excited,Calmed,0,5285
2,65357,741,-2,5,Excited,Calmed,0,5285
2,65360,741,-2,5,Excited,Calmed,0,5285
2,65362,741,-2,5,Excited,Calmed,0,5285
2,65372,741,-2,5,Excited,Calmed,0,5285
2,65374,741,-2,5,Excited,Calmed,0,5285
2,65377,741,-2,5,Excited,Calmed,0,5285
2,65379,741,-2,5,Excited,Calmed,0,5285
2,65388,741,-2,5,Excited,Calmed,0,5285
2,65391,741,-2,5,Excited,Calmed,0,5285
2,65393,741,-2,5,Excited,Calmed,0,5285
2,65396,741,-2,5,Excited,Calmed,0,5285
2,65405,741,-2,5,Excited,Calmed,0,5285
2,65408,741,-2,5,Excited,Calmed,0,5285
2,65410,741,-2,5,Excited,Calmed,0,5285
2,65412,741,-2,5,Excited,Calmed,0,5285
2,65422,741,-2,5,Excited,Calmed,0,5285
2,65424,741,-2,5,Excited,Calmed,0,5285
2,65426,741,-2,5,Excited,Calmed,0,5285
2,65429,741,-2,5,Excited,Calmed,0,5285
2,65438,741,-2,5,Excited,Calmed,0,5285
2,65441,741,-2,5,Excited,Calmed,0,5285
2,65444,741,-2,5,Excited,Calmed,0,5285
2,65446,741,-2,5,Excited,Calmed,0,5285
2,65455,741,-2,5,Excited,Calmed,0,5285
2,65457,741,-2,5,Excited,Calmed,0,5285
2,65460,741,-2,5,Excited,Calmed,0,5285
2,65462,741,-2,5,Excited,Calmed,0,5285
2,65472,741,-2,5,Excited,Calmed,0,5285
2,65474,741,-2,5,Excited,Calmed,0,5285
2,65477,741,-2,5,Excited,Calmed,0,5285
2,65479,741,-2,5,Excited,Calmed,0,5285
2,65488,741,-2,5,Excited,Calmed,0,5285
2,65491,741,-2,5,Excited,Calmed,0,5285
2,65493,741,-2,5,Excited,Calmed,0,5285
2,65496,741,-2,5,Excited,Calmed,0,5285
2,65505,741,-2,5,Excited,Calmed,0,5285
2,65508,741,-2,5,Excited,Calmed,0,5285
2,65511,741,-2,5,Excited,Calmed,0,5285
2,65513,741,-2,5,Excited,Calmed,0,5285
2,65522,741,-2,5,Excited,Calmed,0,5285
2,65525,741,-2,5,Excited,Calmed,0,5285
2,65528,741,-2,5,Excited,Calmed,0,5285
2,65538,741,-2,5,Excited,Calmed,0,5285
2,65541,741,-1,5,Excited,Calmed,0,5285
2,65543,741,-1,5,Excited,Calmed,0,5285
2,65546,741,-1,5,Excited,Calmed,0,5285
2,65556,741,-1,5,Excited,Calmed,0,5285
2,65559,741,-1,5,Excited,Calmed,0,5285
2,65561,741,-1,5,Excited,Calmed,0,5285
2,65572,741,-1,5,Excited,Calmed,0,5285
2,65574,741,-1,5,Excited,Calmed,0,5285
2,65577,741,-1,5,Excited,Calmed,0,5285
2,65579,741,-1,5,Excited,Calmed,0,5285
2,65588,741,-2,5,Excited,Calmed,0,5285
2,65591,741,-2,5,Excited,Calmed,0,5285
2,65593,741,-2,5,Excited,Calmed,0,5285
2,65595,741,-2,5,Excited,Calmed,0,5285
2,65605,741,-2,5,Excited,Calmed,0,5285
2,65607,741,-2,5,Excited,Calmed,0,5285
2,65610,741,-2,5,Excited,Calmed,0,5285
2,65612,741,-2,5,Excited,Calmed,0,5285
2,65622,741,-2,5,Excited,Calmed,0,5285
2,65624,741,-2,5,Excited,Calmed,0,5285
2,65627,741,-2,5,Excited,Calmed,0,5285
2,65629,741,-2,5,Excited,Calmed,0,5285
2,65638,741,-2,5,Excited,Calmed,0,5285
2,65641,741,-1,5,Excited,Calmed,0,5285
2,65643,741,-1,5,Excited,Calmed,0,5285
2,65646,741,-1,5,Excited,Calmed,0,5285
2,65655,741,-1,5,Excited,Calmed,0,5285
2,65658,741,-1,5,Excited,Calmed,0,5285
2,65660,741,-1,5,Excited,Calmed,0,5285
2,65662,741,-1,5,Excited,Calmed,0,5285
2,65672,741,-1,5,Excited,Calmed,0,5285
2,65674,741,-1,5,Excited,Calmed,0,5285
2,65677,741,-1,5,Excited,Calmed,0,5285
2,65679,741,-1,5,Excited,Calmed,0,5285
2,65688,741,-1,5,Excited,Calmed,0,5285
2,65691,741,-1,5,Excited,Calmed,0,5285
2,65693,741,-1,5,Excited,Calmed,0,5285
2,65696,741,-1,5,Excited,Calmed,0,5285
2,65705,741,-1,5,Excited,Calmed,0,5285
2,65707,741,-1,5,Excited,Calmed,0,5285
2,65710,741,-1,5,Excited,Calmed,0,5285
2,65712,741,-1,5,Excited,Calmed,0,5285
2,65722,741,-1,5,Excited,Calmed,0,5285
2,65724,741,-1,5,Excited,Calmed,0,5285
2,65726,741,-1,5,Excited,Calmed,0,5285
2,65729,741,-1,5,Excited,Calmed,0,5285
2,65738,741,-1,5,Excited,Calmed,0,5285
2,65741,741,-1,5,Excited,Calmed,0,5285
2,65743,741,-1,5,Excited,Calmed,0,5285
2,65745,741,-1,5,Excited,Calmed,0,5285
2,65755,741,-1,5,Excited,Calmed,0,5285
2,65757,741,-1,5,Excited,Calmed,0,5285
2,65760,741,-1,5,Excited,Calmed,0,5285
2,65762,741,-1,5,Excited,Calmed,0,5285
2,65771,741,-1,5,Excited,Calmed,0,5285
2,65774,741,-1,5,Excited,Calmed,0,5285
2,65777,741,-1,5,Excited,Calmed,0,5285
2,65779,741,-1,5,Excited,Calmed,0,5285
2,65788,741,-1,5,Excited,Calmed,0,5285
2,65791,741,-1,5,Excited,Calmed,0,5285
2,65793,741,-1,5,Excited,Calmed,0,5285
2,65795,741,-1,5,Excited,Calmed,0,5285
2,65805,741,-1,5,Excited,Calmed,0,5285
2,65807,741,-1,5,Excited,Calmed,0,5285
2,65810,741,-1,5,Excited,Calmed,0,5285
2,65812,741,-1,5,Excited,Calmed,0,5285
2,65822,741,-1,5,Excited,Calmed,0,5285
2,65824,741,-1,5,Excited,Calmed,0,5285
2,65827,741,-1,5,Excited,Calmed,0,5285
2,65829,741,-1,5,Excited,Calmed,0,5285
2,65838,741,-1,5,Excited,Calmed,0,5285
2,65841,741,-1,5,Excited,Calmed,0,5285
2,65843,741,-1,5,Excited,Calmed,0,5285
2,65846,741,-1,5,Excited,Calmed,0,5285
2,65855,741,-1,5,Excited,Calmed,0,5285
2,65857,741,-1,5,Excited,Calmed,0,5285
2,65860,741,-1,5,Excited,Calmed,0,5285
2,65862,741,-1,5,Excited,Calmed,0,5285
2,65872,741,-1,5,Excited,Calmed,0,5285
2,65874,741,-1,5,Excited,Calmed,0,5285
2,65877,741,-1,5,Excited,Calmed,0,5285
2,65879,741,-1,5,Excited,Calmed,0,5285
2,65888,741,-1,5,Excited,Calmed,0,5285
2,65891,741,-1,5,Excited,Calmed,0,5285
2,65893,741,-1,5,Excited,Calmed,0,5285
2,65895,741,-1,5,Excited,Calmed,0,5285
2,65905,741,-1,5,Excited,Calmed,0,5285
2,65907,741,-1,5,Excited,Calmed,0,5285
2,65910,741,-1,5,Excited,Calmed,0,5285
2,65912,741,-1,5,Excited,Calmed,0,5285
2,65922,741,-1,5,Excited,Calmed,0,5285
2,65924,741,-1,5,Excited,Calmed,0,5285
2,65927,741,-1,5,Excited,Calmed,0,5285
2,65929,741,-1,5,Excited,Calmed,0,5285
2,65938,741,-1,5,Excited,Calmed,0,5285
2,65941,741,-1,5,Excited,Calmed,0,5285
2,65943,741,-1,5,Excited,Calmed,0,5285
2,65945,741,-1,5,Excited,Calmed,0,5285
2,65955,741,-1,5,Excited,Calmed,0,5285
2,65957,741,-1,5,Excited,Calmed,0,5285
2,65960,741,-1,5,Excited,Calmed,0,5285
2,65962,741,-1,5,Excited,Calmed,0,5285
2,65972,741,-1,5,Excited,Calmed,0,5285
2,65974,741,-1,5,Excited,Calmed,0,5285
2,65976,741,-1,5,Excited,Calmed,0,5285
2,65979,741,-1,5,Excited,Calmed,0,5285
2,65988,741,-1,5,Excited,Calmed,0,5285
2,65991,741,-1,5,Excited,Calmed,0,5285
2,65993,741,-1,5,Excited,Calmed,0,5285
2,65996,741,-1,5,Excited,Calmed,0,5285
2,66005,741,-1,5,Excited,Calmed,0,5285
2,66007,741,-1,5,Excited,Calmed,0,5285
2,66010,741,-1,5,Excited,Calmed,0,5285
2,66012,741,-1,5,Excited,Calmed,0,5285
2,66022,741,-1,5,Excited,Calmed,0,5285
2,66024,741,-1,5,Excited,Calmed,0,5285
2,66026,741,-1,5,Excited,Calmed,0,5285
2,66029,741,-1,5,Excited,Calmed,0,5285
2,66038,741,-1,5,Excited,Calmed,0,5285
2,66041,741,-1,5,Excited,Calmed,0,5285
2,66043,741,-1,5,Excited,Calmed,0,5285
2,66046,741,-1,5,Excited,Calmed,0,5285
2,66055,741,-1,5,Excited,Calmed,0,5285
2,66057,741,-1,5,Excited,Calmed,0,5285
2,66060,741,-1,5,Excited,Calmed,0,5285
2,66062,741,-1,5,Excited,Calmed,0,5285
2,66071,741,-1,5,Excited,Calmed,0,5285
2,66074,741,-1,5,Excited,Calmed,0,5285
2,66077,741,-1,5,Excited,Calmed,0,5285
2,66079,741,-1,5,Excited,Calmed,0,5285
2,66088,741,-1,5,Excited,Calmed,0,5285
2,66091,741,-1,5,Excited,Calmed,0,5285
2,66093,741,-1,5,Excited,Calmed,0,5285
2,66096,741,-1,5,Excited,Calmed,0,5285
2,66105,741,-1,5,Excited,Calmed,0,5285
2,66108,741,-1,5,Excited,Calmed,0,5285
2,66110,741,-1,5,Excited,Calmed,0,5285
2,66113,741,-1,5,Excited,Calmed,0,5285
2,66122,741,-1,5,Excited,Calmed,0,5285
2,66124,741,-1,5,Excited,Calmed,0,5285
2,66126,741,-1,5,Excited,Calmed,0,5285
2,66129,741,-1,5,Excited,Calmed,0,5285
2,66138,741,-1,5,Excited,Calmed,0,5285
2,66141,741,-1,5,Excited,Calmed,0,5285
2,66143,741,-1,5,Excited,Calmed,0,5285
2,66146,741,-1,5,Excited,Calmed,0,5285
2,66155,741,-1,5,Excited,Calmed,0,5285
2,66157,741,-1,5,Excited,Calmed,0,5285
2,66160,741,-1,5,Excited,Calmed,0,5285
2,66162,741,-1,5,Excited,Calmed,0,5285
2,66172,741,-1,5,Excited,Calmed,0,5285
2,66174,741,-1,5,Excited,Calmed,0,5285
2,66177,741,-1,5,Excited,Calmed,0,5285
2,66179,741,-1,5,Excited,Calmed,0,5285
2,66188,741,-1,5,Excited,Calmed,0,5285
2,66191,741,-1,5,Excited,Calmed,0,5285
2,66193,741,-1,5,Excited,Calmed,0,5285
2,66195,741,-1,5,Excited,Calmed,0,5285
2,66205,741,-1,5,Excited,Calmed,0,5285
2,66207,741,-1,5,Excited,Calmed,0,5285
2,66210,741,-1,5,Excited,Calmed,0,5285
2,66212,741,-1,5,Excited,Calmed,0,5285
2,66221,741,-1,5,Excited,Calmed,0,5285
2,66224,741,-1,5,Excited,Calmed,0,5285
2,66226,741,-1,5,Excited,Calmed,0,5285
2,66229,741,-1,5,Excited,Calmed,0,5285
2,66238,741,-1,5,Excited,Calmed,0,5285
2,66241,741,-1,5,Excited,Calmed,0,5285
2,66243,741,-1,5,Excited,Calmed,0,5285
2,66246,741,-1,5,Excited,Calmed,0,5285
2,66255,741,-1,5,Excited,Calmed,0,5285
2,66257,741,-1,5,Excited,Calmed,0,5285
2,66260,741,-1,5,Excited,Calmed,0,5285
2,66262,741,-1,5,Excited,Calmed,0,5285
2,66271,741,-1,5,Excited,Calmed,0,5285
2,66274,741,-1,5,Excited,Calmed,0,5285
2,66276,741,-1,5,Excited,Calmed,0,5285
2,66279,741,-1,5,Excited,Calmed,0,5285
2,66288,741,-1,5,Excited,Calmed,0,5285
2,66291,741,-1,5,Excited,Calmed,0,5285
2,66293,741,-1,5,Excited,Calmed,0,5285
2,66296,741,-1,5,Excited,Calmed,0,5285
2,66305,741,-1,5,Excited,Calmed,0,5285
2,66307,741,-1,5,Excited,Calmed,0,5285
2,66310,741,-1,5,Excited,Calmed,0,5285
2,66312,741,-1,5,Excited,Calmed,0,5285
2,66322,741,-1,5,Excited,Calmed,0,5285
2,66324,741,-1,5,Excited,Calmed,0,5285
2,66327,741,-1,5,Excited,Calmed,0,5285
2,66329,741,-1,5,Excited,Calmed,0,5285
2,66338,741,-1,5,Excited,Calmed,0,5285
2,66341,741,-1,5,Excited,Calmed,0,5285
2,66343,741,-1,5,Excited,Calmed,0,5285
2,66346,741,-1,5,Excited,Calmed,0,5285
2,66355,741,-1,5,Excited,Calmed,0,5285
2,66357,741,0,5,Excited,Calmed,0,5285
2,66360,741,0,5,Excited,Calmed,0,5285
2,66362,741,0,5,Excited,Calmed,0,5285
2,66372,741,0,5,Excited,Calmed,0,5285
2,66374,741,0,5,Excited,Calmed,0,5285
2,66376,741,0,5,Excited,Calmed,0,5285
2,66379,741,0,5,Excited,Calmed,0,5285
2,66388,741,0,5,Excited,Calmed,0,5285
2,66391,741,0,5,Excited,Calmed,0,5285
2,66393,741,0,5,Excited,Calmed,0,5285
2,66396,741,0,5,Excited,Calmed,0,5285
2,66405,741,0,5,Excited,Calmed,0,5285
2,66407,741,-1,5,Excited,Calmed,0,5285
2,66410,741,-1,5,Excited,Calmed,0,5285
2,66412,741,-1,5,Excited,Calmed,0,5285
2,66421,741,-1,5,Excited,Calmed,0,5285
2,66424,741,-1,5,Excited,Calmed,0,5285
2,66426,741,-1,5,Excited,Calmed,0,5285
2,66429,741,-1,5,Excited,Calmed,0,5285
2,66438,741,-1,5,Excited,Calmed,0,5285
2,66441,741,-1,5,Excited,Calmed,0,5285
2,66443,741,-1,5,Excited,Calmed,0,5285
2,66446,741,-1,5,Excited,Calmed,0,5285
2,66455,741,-1,5,Excited,Calmed,0,5285
2,66457,741,-1,5,Excited,Calmed,0,5285
2,66460,741,-1,5,Excited,Calmed,0,5285
2,66462,741,-1,5,Excited,Calmed,0,5285
2,66472,741,-1,5,Excited,Calmed,0,5285
2,66474,741,-1,5,Excited,Calmed,0,5285
2,66476,741,-1,5,Excited,Calmed,0,5285
2,66479,741,-1,5,Excited,Calmed,0,5285
2,66488,741,-1,5,Excited,Calmed,0,5285
2,66491,741,-1,5,Excited,Calmed,0,5285
2,66493,741,-1,5,Excited,Calmed,0,5285
2,66496,741,-1,5,Excited,Calmed,0,5285
2,66505,741,-1,5,Excited,Calmed,0,5285
2,66508,741,-1,5,Excited,Calmed,0,5285
2,66510,741,-1,5,Excited,Calmed,0,5285
2,66512,741,-1,5,Excited,Calmed,0,5285
2,66522,741,-1,5,Excited,Calmed,0,5285
2,66524,741,-1,5,Excited,Calmed,0,5285
2,66526,741,-1,5,Excited,Calmed,0,5285
2,66529,741,-1,5,Excited,Calmed,0,5285
2,66538,741,-1,5,Excited,Calmed,0,5285
2,66541,741,-1,5,Excited,Calmed,0,5285
2,66543,741,-1,5,Excited,Calmed,0,5285
2,66546,741,-1,5,Excited,Calmed,0,5285
2,66555,741,-1,5,Excited,Calmed,0,5285
2,66557,741,-1,5,Excited,Calmed,0,5285
2,66560,741,-1,5,Excited,Calmed,0,5285
2,66562,741,-1,5,Excited,Calmed,0,5285
2,66572,741,-1,5,Excited,Calmed,0,5285
2,66574,741,-1,5,Excited,Calmed,0,5285
2,66577,741,-1,5,Excited,Calmed,0,5285
2,66579,741,-1,5,Excited,Calmed,0,5285
2,66588,741,-1,5,Excited,Calmed,0,5285
2,66591,741,-1,5,Excited,Calmed,0,5285
2,66593,741,-1,5,Excited,Calmed,0,5285
2,66596,741,-1,5,Excited,Calmed,0,5285
2,66605,741,-1,5,Excited,Calmed,0,5285
2,66608,741,-1,5,Excited,Calmed,0,5285
2,66610,741,0,5,Excited,Calmed,0,5285
2,66612,741,0,5,Excited,Calmed,0,5285
2,66622,741,0,5,Excited,Calmed,0,5285
2,66624,741,0,5,Excited,Calmed,0,5285
2,66627,741,0,5,Excited,Calmed,0,5285
2,66629,741,0,5,Excited,Calmed,0,5285
2,66638,741,0,5,Excited,Calmed,0,5285
2,66641,741,0,5,Excited,Calmed,0,5285
2,66643,741,0,5,Excited,Calmed,0,5285
2,66645,741,0,5,Excited,Calmed,0,5285
2,66655,741,0,5,Excited,Calmed,0,5285
2,66657,741,0,5,Excited,Calmed,0,5285
2,66660,741,0,5,Excited,Calmed,0,5285
2,66662,741,0,5,Excited,Calmed,0,5285
2,66672,741,-1,5,Excited,Calmed,0,5285
2,66674,741,-1,5,Excited,Calmed,0,5285
2,66677,741,-1,5,Excited,Calmed,0,5285
2,66679,741,-1,5,Excited,Calmed,0,5285
2,66688,741,-1,5,Excited,Calmed,0,5285
2,66691,741,-1,5,Excited,Calmed,0,5285
2,66693,741,-1,5,Excited,Calmed,0,5285
2,66696,741,-1,5,Excited,Calmed,0,5285
2,66705,741,-1,5,Excited,Calmed,0,5285
2,66708,741,-1,5,Excited,Calmed,0,5285
2,66710,741,-1,5,Excited,Calmed,0,5285
2,66712,741,-1,5,Excited,Calmed,0,5285
2,66722,741,-1,5,Excited,Calmed,0,5285
2,66724,741,-1,5,Excited,Calmed,0,5285
2,66726,741,-1,5,Excited,Calmed,0,5285
2,66729,741,-1,5,Excited,Calmed,0,5285
2,66738,741,-1,5,Excited,Calmed,0,5285
2,66741,741,-1,5,Excited,Calmed,0,5285
2,66743,741,-1,5,Excited,Calmed,0,5285
2,66746,741,-1,5,Excited,Calmed,0,5285
2,66755,741,-1,5,Excited,Calmed,0,5285
2,66757,741,-1,5,Excited,Calmed,0,5285
2,66760,741,-1,5,Excited,Calmed,0,5285
2,66762,741,-1,5,Excited,Calmed,0,5285
2,66771,741,-1,5,Excited,Calmed,0,5285
2,66774,741,0,5,Excited,Calmed,0,5285
2,66777,741,0,5,Excited,Calmed,0,5285
2,66779,741,0,5,Excited,Calmed,0,5285
2,66788,741,0,5,Excited,Calmed,0,5285
2,66791,741,0,5,Excited,Calmed,0,5285
2,66793,741,0,5,Excited,Calmed,0,5285
2,66795,741,0,5,Excited,Calmed,0,5285
2,66805,741,0,5,Excited,Calmed,0,5285
2,66807,741,0,5,Excited,Calmed,0,5285
2,66810,741,0,5,Excited,Calmed,0,5285
2,66812,741,0,5,Excited,Calmed,0,5285
2,66822,741,0,5,Excited,Calmed,0,5285
2,66824,741,0,5,Excited,Calmed,0,5285
2,66826,741,0,5,Excited,Calmed,0,5285
2,66829,741,0,5,Excited,Calmed,0,5285
2,66838,741,0,5,Excited,Calmed,0,5285
2,66841,741,0,5,Excited,Calmed,0,5285
2,66843,741,0,5,Excited,Calmed,0,5285
2,66846,741,0,5,Excited,Calmed,0,5285
2,66855,741,0,5,Excited,Calmed,0,5285
2,66857,741,0,5,Excited,Calmed,0,5285
2,66860,741,0,5,Excited,Calmed,0,5285
2,66862,741,0,5,Excited,Calmed,0,5285
2,66871,741,0,5,Excited,Calmed,0,5285
2,66874,741,0,5,Excited,Calmed,0,5285
2,66877,741,0,5,Excited,Calmed,0,5285
2,66879,741,0,5,Excited,Calmed,0,5285
2,66888,741,0,5,Excited,Calmed,0,5285
2,66891,741,0,5,Excited,Calmed,0,5285
2,66893,741,0,5,Excited,Calmed,0,5285
2,66895,741,0,5,Excited,Calmed,0,5285
2,66905,741,0,5,Excited,Calmed,0,5285
2,66907,741,0,5,Excited,Calmed,0,5285
2,66910,741,0,5,Excited,Calmed,0,5285
2,66912,741,0,5,Excited,Calmed,0,5285
2,66922,741,0,5,Excited,Calmed,0,5285
2,66924,741,0,5,Excited,Calmed,0,5285
2,66926,741,0,5,Excited,Calmed,0,5285
2,66929,741,0,5,Excited,Calmed,0,5285
2,66938,741,0,5,Excited,Calmed,0,5285
2,66941,741,0,5,Excited,Calmed,0,5285
2,66943,741,0,5,Excited,Calmed,0,5285
2,66945,741,0,5,Excited,Calmed,0,5285
2,66955,741,0,5,Excited,Calmed,0,5285
2,66957,741,0,5,Excited,Calmed,0,5285
2,66960,741,0,5,Excited,Calmed,0,5285
2,66962,741,0,5,Excited,Calmed,0,5285
2,66972,741,0,5,Excited,Calmed,0,5285
2,66974,741,0,5,Excited,Calmed,0,5285
2,66976,741,0,5,Excited,Calmed,0,5285
2,66979,741,0,5,Excited,Calmed,0,5285
2,66988,741,0,5,Excited,Calmed,0,5285
2,66991,741,0,5,Excited,Calmed,0,5285
2,66993,741,0,5,Excited,Calmed,0,5285
2,66995,741,0,5,Excited,Calmed,0,5285
2,67005,741,0,5,Excited,Calmed,0,5285
2,67007,741,0,5,Excited,Calmed,0,5285
2,67010,741,0,5,Excited,Calmed,0,5285
2,67012,741,0,5,Excited,Calmed,0,5285
2,67022,741,0,5,Excited,Calmed,0,5285
2,67025,741,0,5,Excited,Calmed,0,5285
2,67028,741,0,5,Excited,Calmed,0,5285
2,67038,741,0,5,Excited,Calmed,0,5285
2,67041,741,0,5,Excited,Calmed,0,5285
2,67043,741,0,5,Excited,Calmed,0,5285
2,67046,741,0,5,Excited,Calmed,0,5285
2,67055,741,0,5,Excited,Calmed,0,5285
2,67057,741,0,5,Excited,Calmed,0,5285
2,67060,741,0,5,Excited,Calmed,0,5285
2,67062,741,0,5,Excited,Calmed,0,5285
2,67072,741,0,5,Excited,Calmed,0,5285
2,67074,741,0,5,Excited,Calmed,0,5285
2,67076,741,0,5,Excited,Calmed,0,5285
2,67079,741,0,5,Excited,Calmed,0,5285
2,67088,741,0,5,Excited,Calmed,0,5285
2,67091,741,0,5,Excited,Calmed,0,5285
2,67093,741,0,5,Excited,Calmed,0,5285
2,67095,741,0,5,Excited,Calmed,0,5285
2,67105,741,0,5,Excited,Calmed,0,5285
2,67108,741,0,5,Excited,Calmed,0,5285
2,67110,741,0,5,Excited,Calmed,0,5285
2,67113,741,0,5,Excited,Calmed,0,5285
2,67121,741,0,5,Excited,Calmed,0,5285
2,67124,741,0,5,Excited,Calmed,0,5285
2,67126,741,0,5,Excited,Calmed,0,5285
2,67129,741,0,5,Excited,Calmed,0,5285
2,67138,741,0,5,Excited,Calmed,0,5285
2,67141,741,0,5,Excited,Calmed,0,5285
2,67143,741,0,5,Excited,Calmed,0,5285
2,67146,741,0,5,Excited,Calmed,0,5285
2,67155,741,0,5,Excited,Calmed,0,5285
2,67157,741,0,5,Excited,Calmed,0,5285
2,67160,741,0,5,Excited,Calmed,0,5285
2,67162,741,0,5,Excited,Calmed,0,5285
2,67172,741,0,5,Excited,Calmed,0,5285
2,67174,741,0,5,Excited,Calmed,0,5285
2,67177,741,0,5,Excited,Calmed,0,5285
2,67179,741,0,5,Excited,Calmed,0,5285
2,67188,741,0,5,Excited,Calmed,0,5285
2,67191,741,0,5,Excited,Calmed,0,5285
2,67193,741,0,5,Excited,Calmed,0,5285
2,67195,741,0,5,Excited,Calmed,0,5285
2,67205,741,0,5,Excited,Calmed,0,5285
2,67208,741,0,5,Excited,Calmed,0,5285
2,67210,741,0,5,Excited,Calmed,0,5285
2,67212,741,0,5,Excited,Calmed,0,5285
2,67222,741,0,5,Excited,Calmed,0,5285
2,67224,741,0,5,Excited,Calmed,0,5285
2,67227,741,0,5,Excited,Calmed,0,5285
2,67229,741,0,5,Excited,Calmed,0,5285
2,67238,741,0,5,Excited,Calmed,0,5285
2,67241,741,0,5,Excited,Calmed,0,5285
2,67243,741,0,5,Excited,Calmed,0,5285
2,67245,741,0,5,Excited,Calmed,0,5285
2,67255,741,0,5,Excited,Calmed,0,5285
2,67257,741,0,5,Excited,Calmed,0,5285
2,67260,741,0,5,Excited,Calmed,0,5285
2,67262,741,0,5,Excited,Calmed,0,5285
2,67272,741,0,5,Excited,Calmed,0,5285
2,67274,741,0,5,Excited,Calmed,0,5285
2,67277,741,0,5,Excited,Calmed,0,5285
2,67279,741,0,5,Excited,Calmed,0,5285
2,67288,741,0,5,Excited,Calmed,0,5285
2,67291,741,0,5,Excited,Calmed,0,5285
2,67293,741,0,5,Excited,Calmed,0,5285
2,67296,741,0,5,Excited,Calmed,0,5285
2,67305,741,0,5,Excited,Calmed,0,5285
2,67308,741,0,5,Excited,Calmed,0,5285
2,67310,741,0,5,Excited,Calmed,0,5285
2,67312,741,0,5,Excited,Calmed,0,5285
2,67322,741,0,5,Excited,Calmed,0,5285
2,67324,741,0,5,Excited,Calmed,0,5285
2,67326,741,0,5,Excited,Calmed,0,5285
2,67329,741,0,5,Excited,Calmed,0,5285
2,67338,741,0,5,Excited,Calmed,0,5285
2,67341,741,0,5,Excited,Calmed,0,5285
2,67343,741,0,5,Excited,Calmed,0,5285
2,67345,741,0,5,Excited,Calmed,0,5285
2,67355,741,0,5,Excited,Calmed,0,5285
2,67357,741,0,5,Excited,Calmed,0,5285
2,67360,741,0,5,Excited,Calmed,0,5285
2,67362,741,0,5,Excited,Calmed,0,5285
2,67372,741,0,5,Excited,Calmed,0,5285
2,67374,741,0,5,Excited,Calmed,0,5285
2,67377,741,0,5,Excited,Calmed,0,5285
2,67379,741,0,5,Excited,Calmed,0,5285
2,67388,741,0,5,Excited,Calmed,0,5285
2,67391,741,0,5,Excited,Calmed,0,5285
2,67393,741,0,5,Excited,Calmed,0,5285
2,67396,741,0,5,Excited,Calmed,0,5285
2,67405,741,0,5,Excited,Calmed,0,5285
2,67407,741,0,5,Excited,Calmed,0,5285
2,67410,741,0,5,Excited,Calmed,0,5285
2,67412,741,0,5,Excited,Calmed,0,5285
2,67422,741,0,5,Excited,Calmed,0,5285
2,67424,741,0,5,Excited,Calmed,0,5285
2,67426,741,0,5,Excited,Calmed,0,5285
2,67429,741,0,5,Excited,Calmed,0,5285
2,67438,741,0,5,Excited,Calmed,0,5285
2,67441,741,0,5,Excited,Calmed,0,5285
2,67443,741,0,5,Excited,Calmed,0,5285
2,67445,741,0,5,Excited,Calmed,0,5285
2,67455,741,0,5,Excited,Calmed,0,5285
2,67457,741,0,5,Excited,Calmed,0,5285
2,67460,741,0,5,Excited,Calmed,0,5285
2,67462,741,0,5,Excited,Calmed,0,5285
2,67472,741,0,5,Excited,Calmed,0,5285
2,67474,741,0,5,Excited,Calmed,0,5285
2,67476,741,0,5,Excited,Calmed,0,5285
2,67479,741,0,5,Excited,Calmed,0,5285
2,67488,741,0,5,Excited,Calmed,0,5285
2,67491,741,0,5,Excited,Calmed,0,5285
2,67493,741,0,5,Excited,Calmed,0,5285
2,67495,741,0,5,Excited,Calmed,0,5285
2,67505,741,0,5,Excited,Calmed,0,5285
2,67507,741,0,5,Excited,Calmed,0,5285
2,67510,741,0,5,Excited,Calmed,0,5285
2,67512,741,0,5,Excited,Calmed,0,5285
2,67522,741,0,5,Excited,Calmed,0,5285
2,67524,741,0,5,Excited,Calmed,0,5285
2,67527,741,0,5,Excited,Calmed,0,5285
2,67529,741,0,5,Excited,Calmed,0,5285
2,67538,741,0,5,Excited,Calmed,0,5285
2,67541,741,0,5,Excited,Calmed,0,5285
2,67544,741,0,5,Excited,Calmed,0,5285
2,67546,741,0,5,Excited,Calmed,0,5285
2,67555,741,0,5,Excited,Calmed,0,5285
2,67557,741,0,5,Excited,Calmed,0,5285
2,67560,741,0,5,Excited,Calmed,0,5285
2,67562,741,0,5,Excited,Calmed,0,5285
2,67571,741,0,5,Excited,Calmed,0,5285
2,67574,741,0,5,Excited,Calmed,0,5285
2,67577,741,0,5,Excited,Calmed,0,5285
2,67579,741,0,5,Excited,Calmed,0,5285
2,67588,741,0,5,Excited,Calmed,0,5285
2,67591,741,0,5,Excited,Calmed,0,5285
2,67593,741,0,5,Excited,Calmed,0,5285
2,67595,741,0,5,Excited,Calmed,0,5285
2,67605,741,0,5,Excited,Calmed,0,5285
2,67607,741,0,5,Excited,Calmed,0,5285
2,67610,741,0,5,Excited,Calmed,0,5285
2,67612,741,0,5,Excited,Calmed,0,5285
2,67621,741,0,5,Excited,Calmed,0,5285
2,67624,741,0,5,Excited,Calmed,0,5285
2,67626,741,0,5,Excited,Calmed,0,5285
2,67628,741,0,5,Excited,Calmed,0,5285
2,67638,741,0,5,Excited,Calmed,0,5285
2,67641,741,0,5,Excited,Calmed,0,5285
2,67643,741,0,5,Excited,Calmed,0,5285
2,67645,741,0,5,Excited,Calmed,0,5285
2,67655,741,0,5,Excited,Calmed,0,5285
2,67658,741,0,5,Excited,Calmed,0,5285
2,67660,741,0,5,Excited,Calmed,0,5285
2,67662,741,0,5,Excited,Calmed,0,5285
2,67672,741,0,5,Excited,Calmed,0,5285
2,67674,741,0,5,Excited,Calmed,0,5285
2,67677,741,0,5,Excited,Calmed,0,5285
2,67679,741,0,5,Excited,Calmed,0,5285
2,67688,741,0,5,Excited,Calmed,0,5285
2,67691,741,0,5,Excited,Calmed,0,5285
2,67693,741,0,5,Excited,Calmed,0,5285
2,67695,741,0,5,Excited,Calmed,0,5285
2,67705,741,0,5,Excited,Calmed,0,5285
2,67707,741,0,5,Excited,Calmed,0,5285
2,67710,741,0,5,Excited,Calmed,0,5285
2,67712,741,0,5,Excited,Calmed,0,5285
2,67721,741,0,5,Excited,Calmed,0,5285
2,67724,741,0,5,Excited,Calmed,0,5285
2,67727,741,0,5,Excited,Calmed,0,5285
2,67729,741,0,5,Excited,Calmed,0,5285
2,67738,741,0,5,Excited,Calmed,0,5285
2,67741,741,0,5,Excited,Calmed,0,5285
2,67743,741,0,5,Excited,Calmed,0,5285
2,67746,741,0,5,Excited,Calmed,0,5285
2,67755,741,0,5,Excited,Calmed,0,5285
2,67757,741,0,5,Excited,Calmed,0,5285
2,67760,741,0,5,Excited,Calmed,0,5285
2,67762,741,0,5,Excited,Calmed,0,5285
2,67772,741,0,5,Excited,Calmed,0,5285
2,67774,741,0,5,Excited,Calmed,0,5285
2,67776,741,0,5,Excited,Calmed,0,5285
2,67779,741,0,5,Excited,Calmed,0,5285
2,67788,741,0,5,Excited,Calmed,0,5285
2,67791,741,0,5,Excited,Calmed,0,5285
2,67793,741,0,5,Excited,Calmed,0,5285
2,67795,741,0,5,Excited,Calmed,0,5285
2,67805,741,0,5,Excited,Calmed,0,5285
2,67807,741,0,5,Excited,Calmed,0,5285
2,67810,741,0,5,Excited,Calmed,0,5285
2,67812,741,0,5,Excited,Calmed,0,5285
2,67822,741,0,5,Excited,Calmed,0,5285
2,67824,741,0,5,Excited,Calmed,0,5285
2,67827,741,0,5,Excited,Calmed,0,5285
2,67829,741,0,5,Excited,Calmed,0,5285
2,67838,741,0,5,Excited,Calmed,0,5285
2,67841,741,0,5,Excited,Calmed,0,5285
2,67843,741,0,5,Excited,Calmed,0,5285
2,67845,741,0,5,Excited,Calmed,0,5285
2,67855,741,0,5,Excited,Calmed,0,5285
2,67857,741,0,5,Excited,Calmed,0,5285
2,67860,741,0,5,Excited,Calmed,0,5285
2,67862,741,0,5,Excited,Calmed,0,5285
2,67872,741,0,5,Excited,Calmed,0,5285
2,67874,741,0,5,Excited,Calmed,0,5285
2,67877,741,0,5,Excited,Calmed,0,5285
2,67879,741,0,5,Excited,Calmed,0,5285
2,67888,741,0,5,Excited,Calmed,0,5285
2,67891,741,0,5,Excited,Calmed,0,5285
2,67893,741,0,5,Excited,Calmed,0,5285
2,67895,741,0,5,Excited,Calmed,0,5285
2,67905,741,0,5,Excited,Calmed,0,5285
2,67907,741,0,5,Excited,Calmed,0,5285
2,67910,741,0,5,Excited,Calmed,0,5285
2,67912,741,0,5,Excited,Calmed,0,5285
2,67922,741,0,5,Excited,Calmed,0,5285
2,67924,741,0,5,Excited,Calmed,0,5285
2,67927,741,0,5,Excited,Calmed,0,5285
2,67929,741,0,5,Excited,Calmed,0,5285
2,67938,741,0,5,Excited,Calmed,0,5285
2,67941,741,0,5,Excited,Calmed,0,5285
2,67943,741,0,5,Excited,Calmed,0,5285
2,67945,741,0,5,Excited,Calmed,0,5285
2,67955,741,0,5,Excited,Calmed,0,5285
2,67958,741,0,5,Excited,Calmed,0,5285
2,67960,741,0,5,Excited,Calmed,0,5285
2,67963,741,0,5,Excited,Calmed,0,5285
2,67971,741,0,5,Excited,Calmed,0,5285
2,67974,741,0,5,Excited,Calmed,0,5285
2,67976,741,0,5,Excited,Calmed,0,5285
2,67979,741,0,5,Excited,Calmed,0,5285
2,67988,741,0,5,Excited,Calmed,0,5285
2,67991,741,0,5,Excited,Calmed,0,5285
2,67993,741,0,5,Excited,Calmed,0,5285
2,67995,741,0,5,Excited,Calmed,0,5285
2,68005,741,0,5,Excited,Calmed,0,5285
2,68007,741,0,5,Excited,Calmed,0,5285
2,68010,741,0,5,Excited,Calmed,0,5285
2,68012,741,0,5,Excited,Calmed,0,5285
2,68022,741,0,5,Excited,Calmed,0,5285
2,68024,741,0,5,Excited,Calmed,0,5285
2,68027,741,0,5,Excited,Calmed,0,5285
2,68029,741,0,5,Excited,Calmed,0,5285
2,68038,741,0,5,Excited,Calmed,0,5285
2,68041,741,0,5,Excited,Calmed,0,5285
2,68043,741,0,5,Excited,Calmed,0,5285
2,68046,741,0,5,Excited,Calmed,0,5285
2,68055,741,0,5,Excited,Calmed,0,5285
2,68057,741,0,5,Excited,Calmed,0,5285
2,68060,741,0,5,Excited,Calmed,0,5285
2,68062,741,0,5,Excited,Calmed,0,5285
2,68072,741,0,5,Excited,Calmed,0,5285
2,68074,741,0,5,Excited,Calmed,0,5285
2,68077,741,0,5,Excited,Calmed,0,5285
2,68079,741,0,5,Excited,Calmed,0,5285
2,68088,741,0,5,Excited,Calmed,0,5285
2,68091,741,0,5,Excited,Calmed,0,5285
2,68093,741,0,5,Excited,Calmed,0,5285
2,68095,741,0,5,Excited,Calmed,0,5285
2,68105,741,0,5,Excited,Calmed,0,5285
2,68108,741,0,5,Excited,Calmed,0,5285
2,68110,741,0,5,Excited,Calmed,0,5285
2,68112,741,0,5,Excited,Calmed,0,5285
2,68121,741,0,5,Excited,Calmed,0,5285
2,68124,741,0,5,Excited,Calmed,0,5285
2,68126,741,0,5,Excited,Calmed,0,5285
2,68128,741,0,5,Excited,Calmed,0,5285
2,68138,741,0,5,Excited,Calmed,0,5285
2,68141,741,0,5,Excited,Calmed,0,5285
2,68143,741,0,5,Excited,Calmed,0,5285
2,68146,741,0,5,Excited,Calmed,0,5285
2,68155,741,0,5,Excited,Calmed,0,5285
2,68157,741,0,5,Excited,Calmed,0,5285
2,68160,741,0,5,Excited,Calmed,0,5285
2,68162,741,0,5,Excited,Calmed,0,5285
2,68171,741,0,5,Excited,Calmed,0,5285
2,68174,741,0,5,Excited,Calmed,0,5285
2,68176,741,0,5,Excited,Calmed,0,5285
2,68179,741,0,5,Excited,Calmed,0,5285
2,68188,741,0,5,Excited,Calmed,0,5285
2,68191,741,0,5,Excited,Calmed,0,5285
2,68193,741,0,5,Excited,Calmed,0,5285
2,68195,741,0,5,Excited,Calmed,0,5285
2,68205,741,0,5,Excited,Calmed,0,5285
2,68207,741,0,5,Excited,Calmed,0,5285
2,68210,741,0,5,Excited,Calmed,0,5285
2,68212,741,0,5,Excited,Calmed,0,5285
2,68222,741,0,5,Excited,Calmed,0,5285
2,68224,741,0,5,Excited,Calmed,0,5285
2,68226,741,0,5,Excited,Calmed,0,5285
2,68229,741,0,5,Excited,Calmed,0,5285
2,68238,741,0,5,Excited,Calmed,0,5285
2,68241,741,0,5,Excited,Calmed,0,5285
2,68243,741,0,5,Excited,Calmed,0,5285
2,68246,741,0,5,Excited,Calmed,0,5285
2,68255,741,0,5,Excited,Calmed,0,5285
2,68257,741,0,5,Excited,Calmed,0,5285
2,68260,741,0,5,Excited,Calmed,0,5285
2,68262,741,0,5,Excited,Calmed,0,5285
2,68272,741,0,5,Excited,Calmed,0,5285
2,68274,741,0,5,Excited,Calmed,0,5285
2,68276,741,0,5,Excited,Calmed,0,5285
2,68278,741,0,5,Excited,Calmed,0,5285
2,68288,741,0,5,Excited,Calmed,0,5285
2,68291,741,0,5,Excited,Calmed,0,5285
2,68293,741,0,5,Excited,Calmed,0,5285
2,68296,741,0,5,Excited,Calmed,0,5285
2,68305,741,0,5,Excited,Calmed,0,5285
2,68307,741,0,5,Excited,Calmed,0,5285
2,68310,741,0,5,Excited,Calmed,0,5285
2,68312,741,0,5,Excited,Calmed,0,5285
2,68322,741,0,5,Excited,Calmed,0,5285
2,68324,741,0,5,Excited,Calmed,0,5285
2,68326,741,0,5,Excited,Calmed,0,5285
2,68329,741,0,5,Excited,Calmed,0,5285
2,68338,741,0,5,Excited,Calmed,0,5285
2,68341,741,0,5,Excited,Calmed,0,5285
2,68343,741,0,5,Excited,Calmed,0,5285
2,68346,741,0,5,Excited,Calmed,0,5285
2,68355,741,0,5,Excited,Calmed,0,5285
2,68357,741,0,5,Excited,Calmed,0,5285
2,68360,741,0,5,Excited,Calmed,0,5285
2,68362,741,0,5,Excited,Calmed,0,5285
2,68372,741,0,5,Excited,Calmed,0,5285
2,68374,741,0,5,Excited,Calmed,0,5285
2,68377,741,0,5,Excited,Calmed,0,5285
2,68379,741,0,5,Excited,Calmed,0,5285
2,68388,741,0,5,Excited,Calmed,0,5285
2,68391,741,0,5,Excited,Calmed,0,5285
2,68393,741,0,5,Excited,Calmed,0,5285
2,68396,741,0,5,Excited,Calmed,0,5285
2,68405,741,0,5,Excited,Calmed,0,5285
2,68407,741,0,5,Excited,Calmed,0,5285
2,68410,741,0,5,Excited,Calmed,0,5285
2,68412,741,0,5,Excited,Calmed,0,5285
2,68422,741,0,5,Excited,Calmed,0,5285
2,68424,741,0,5,Excited,Calmed,0,5285
2,68427,741,0,5,Excited,Calmed,0,5285
2,68429,741,0,5,Excited,Calmed,0,5285
2,68438,741,0,5,Excited,Calmed,0,5285
2,68441,741,0,5,Excited,Calmed,0,5285
2,68443,741,0,5,Excited,Calmed,0,5285
2,68446,741,0,5,Excited,Calmed,0,5285
2,68455,741,0,5,Excited,Calmed,0,5285
2,68457,741,0,5,Excited,Calmed,0,5285
2,68460,741,0,5,Excited,Calmed,0,5285
2,68462,741,0,5,Excited,Calmed,0,5285
2,68472,741,0,5,Excited,Calmed,0,5285
2,68474,741,0,5,Excited,Calmed,0,5285
2,68476,741,0,5,Excited,Calmed,0,5285
2,68479,741,0,5,Excited,Calmed,0,5285
2,68488,741,0,5,Excited,Calmed,0,5285
2,68491,741,0,5,Excited,Calmed,0,5285
2,68493,741,0,5,Excited,Calmed,0,5285
2,68495,741,0,5,Excited,Calmed,0,5285
2,68505,741,0,5,Excited,Calmed,0,5285
2,68508,741,0,5,Excited,Calmed,0,5285
2,68510,741,0,5,Excited,Calmed,0,5285
2,68512,741,0,5,Excited,Calmed,0,5285
2,68521,741,0,5,Excited,Calmed,0,5285
2,68524,741,0,5,Excited,Calmed,0,5285
2,68527,741,0,5,Excited,Calmed,0,5285
2,68529,741,0,5,Excited,Calmed,0,5285
2,68538,741,0,5,Excited,Calmed,0,5285
2,68541,741,0,5,Excited,Calmed,0,5285
2,68543,741,0,5,Excited,Calmed,0,5285
2,68545,741,0,5,Excited,Calmed,0,5285
2,68555,741,0,5,Excited,Calmed,0,5285
2,68557,741,0,5,Excited,Calmed,0,5285
2,68560,741,0,5,Excited,Calmed,0,5285
2,68562,741,0,5,Excited,Calmed,0,5285
2,68571,741,0,5,Excited,Calmed,0,5285
2,68574,741,0,5,Excited,Calmed,0,5285
2,68576,741,0,5,Excited,Calmed,0,5285
2,68579,741,0,5,Excited,Calmed,0,5285
2,68588,741,0,5,Excited,Calmed,0,5285
2,68591,741,0,5,Excited,Calmed,0,5285
2,68593,741,0,5,Excited,Calmed,0,5285
2,68596,741,0,5,Excited,Calmed,0,5285
2,68605,741,0,5,Excited,Calmed,0,5285
2,68608,741,0,5,Excited,Calmed,0,5285
2,68610,741,0,5,Excited,Calmed,0,5285
2,68613,741,0,5,Excited,Calmed,0,5285
2,68622,741,0,5,Excited,Calmed,0,5285
2,68624,741,0,5,Excited,Calmed,0,5285
2,68626,741,0,5,Excited,Calmed,0,5285
2,68629,741,0,5,Excited,Calmed,0,5285
2,68638,741,0,5,Excited,Calmed,0,5285
2,68641,741,0,5,Excited,Calmed,0,5285
2,68643,741,0,5,Excited,Calmed,0,5285
2,68645,741,0,5,Excited,Calmed,0,5285
2,68655,741,0,5,Excited,Calmed,0,5285
2,68657,741,0,5,Excited,Calmed,0,5285
2,68660,741,0,5,Excited,Calmed,0,5285
2,68662,741,0,5,Excited,Calmed,0,5285
2,68672,741,0,5,Excited,Calmed,0,5285
2,68674,741,0,5,Excited,Calmed,0,5285
2,68677,741,0,5,Excited,Calmed,0,5285
2,68679,741,0,5,Excited,Calmed,0,5285
2,68688,741,0,5,Excited,Calmed,0,5285
2,68691,741,0,5,Excited,Calmed,0,5285
2,68693,741,0,5,Excited,Calmed,0,5285
2,68696,741,0,5,Excited,Calmed,0,5285
2,68705,741,0,5,Excited,Calmed,0,5285
2,68707,741,0,5,Excited,Calmed,0,5285
2,68710,741,0,5,Excited,Calmed,0,5285
2,68712,741,0,5,Excited,Calmed,0,5285
2,68721,741,0,5,Excited,Calmed,0,5285
2,68724,741,0,5,Excited,Calmed,0,5285
2,68726,741,0,5,Excited,Calmed,0,5285
2,68729,741,0,5,Excited,Calmed,0,5285
2,68738,741,0,5,Excited,Calmed,0,5285
2,68741,741,0,5,Excited,Calmed,0,5285
2,68743,741,0,5,Excited,Calmed,0,5285
2,68745,741,0,5,Excited,Calmed,0,5285
2,68755,741,0,5,Excited,Calmed,0,5285
2,68757,741,0,5,Excited,Calmed,0,5285
2,68760,741,0,5,Excited,Calmed,0,5285
2,68762,741,0,5,Excited,Calmed,0,5285
2,68771,741,0,5,Excited,Calmed,0,5285
2,68774,741,0,5,Excited,Calmed,0,5285
2,68777,741,0,5,Excited,Calmed,0,5285
2,68779,741,0,5,Excited,Calmed,0,5285
2,68788,741,0,5,Excited,Calmed,0,5285
2,68791,741,0,5,Excited,Calmed,0,5285
2,68793,741,0,5,Excited,Calmed,0,5285
2,68796,741,0,5,Excited,Calmed,0,5285
2,68805,741,0,5,Excited,Calmed,0,5285
2,68807,741,0,5,Excited,Calmed,0,5285
2,68810,741,0,5,Excited,Calmed,0,5285
2,68812,741,0,5,Excited,Calmed,0,5285
2,68822,741,0,5,Excited,Calmed,0,5285
2,68824,741,0,5,Excited,Calmed,0,5285
2,68827,741,0,5,Excited,Calmed,0,5285
2,68829,741,0,5,Excited,Calmed,0,5285
2,68838,741,0,5,Excited,Calmed,0,5285
2,68841,741,0,5,Excited,Calmed,0,5285
2,68843,741,0,5,Excited,Calmed,0,5285
2,68845,741,0,5,Excited,Calmed,0,5285
2,68855,741,0,5,Excited,Calmed,0,5285
2,68857,741,0,5,Excited,Calmed,0,5285
2,68860,741,0,5,Excited,Calmed,0,5285
2,68862,741,0,5,Excited,Calmed,0,5285
2,68872,741,0,5,Excited,Calmed,0,5285
2,68874,741,0,5,Excited,Calmed,0,5285
2,68876,741,0,5,Excited,Calmed,0,5285
2,68879,741,0,5,Excited,Calmed,0,5285
2,68888,741,0,5,Excited,Calmed,0,5285
2,68891,741,0,5,Excited,Calmed,0,5285
2,68893,741,0,5,Excited,Calmed,0,5285
2,68895,741,0,5,Excited,Calmed,0,5285
2,68905,741,0,5,Excited,Calmed,0,5285
2,68907,741,0,5,Excited,Calmed,0,5285
2,68910,741,0,5,Excited,Calmed,0,5285
2,68912,741,0,5,Excited,Calmed,0,5285
2,68921,741,0,5,Excited,Calmed,0,5285
2,68924,741,0,5,Excited,Calmed,0,5285
2,68926,741,0,5,Excited,Calmed,0,5285
2,68929,741,0,5,Excited,Calmed,0,5285
2,68938,741,0,5,Excited,Calmed,0,5285
2,68941,741,0,5,Excited,Calmed,0,5285
2,68943,741,0,5,Excited,Calmed,0,5285
2,68945,741,0,5,Excited,Calmed,0,5285
2,68955,741,0,5,Excited,Calmed,0,5285
2,68957,741,0,5,Excited,Calmed,0,5285
2,68960,741,0,5,Excited,Calmed,0,5285
2,68962,741,0,5,Excited,Calmed,0,5285
2,68971,741,0,5,Excited,Calmed,0,5285
2,68974,741,0,5,Excited,Calmed,0,5285
2,68976,741,0,5,Excited,Calmed,0,5285
2,68979,741,0,5,Excited,Calmed,0,5285
2,68988,741,0,5,Excited,Calmed,0,5285
2,68991,741,0,5,Excited,Calmed,0,5285
2,68993,741,0,5,Excited,Calmed,0,5285
2,68995,741,0,5,Excited,Calmed,0,5285
2,69005,741,0,5,Excited,Calmed,0,5285
2,69007,741,0,5,Excited,Calmed,0,5285
2,69010,741,0,5,Excited,Calmed,0,5285
2,69012,741,0,5,Excited,Calmed,0,5285
2,69022,741,0,5,Excited,Calmed,0,5285
2,69024,741,0,5,Excited,Calmed,0,5285
2,69026,741,0,5,Excited,Calmed,0,5285
2,69029,741,0,5,Excited,Calmed,0,5285
2,69038,741,0,5,Excited,Calmed,0,5285
2,69041,741,0,5,Excited,Calmed,0,5285
2,69043,741,0,5,Excited,Calmed,0,5285
2,69045,741,0,5,Excited,Calmed,0,5285
2,69055,741,0,5,Excited,Calmed,0,5285
2,69057,741,0,5,Excited,Calmed,0,5285
2,69060,741,0,5,Excited,Calmed,0,5285
2,69062,741,0,5,Excited,Calmed,0,5285
2,69071,741,0,5,Excited,Calmed,0,5285
2,69074,741,0,5,Excited,Calmed,0,5285
2,69076,741,0,5,Excited,Calmed,0,5285
2,69079,741,0,5,Excited,Calmed,0,5285
2,69088,741,0,5,Excited,Calmed,0,5285
2,69091,741,0,5,Excited,Calmed,0,5285
2,69093,741,0,5,Excited,Calmed,0,5285
2,69095,741,0,5,Excited,Calmed,0,5285
2,69105,741,0,5,Excited,Calmed,0,5285
2,69108,741,0,5,Excited,Calmed,0,5285
2,69110,741,0,5,Excited,Calmed,0,5285
2,69112,741,0,5,Excited,Calmed,0,5285
2,69122,741,0,5,Excited,Calmed,0,5285
2,69124,741,0,5,Excited,Calmed,0,5285
2,69126,741,0,5,Excited,Calmed,0,5285
2,69129,741,0,5,Excited,Calmed,0,5285
2,69138,741,0,5,Excited,Calmed,0,5285
2,69141,741,0,5,Excited,Calmed,0,5285
2,69143,741,0,5,Excited,Calmed,0,5285
2,69145,741,0,5,Excited,Calmed,0,5285
2,69155,741,0,5,Excited,Calmed,0,5285
2,69157,741,0,5,Excited,Calmed,0,5285
2,69160,741,0,5,Excited,Calmed,0,5285
2,69162,741,0,5,Excited,Calmed,0,5285
2,69172,741,0,5,Excited,Calmed,0,5285
2,69174,741,0,5,Excited,Calmed,0,5285
2,69176,741,0,5,Excited,Calmed,0,5285
2,69179,741,0,5,Excited,Calmed,0,5285
2,69188,741,0,5,Excited,Calmed,0,5285
2,69191,741,0,5,Excited,Calmed,0,5285
2,69193,741,0,5,Excited,Calmed,0,5285
2,69195,741,0,5,Excited,Calmed,0,5285
2,69205,741,0,5,Excited,Calmed,0,5285
2,69208,741,0,5,Excited,Calmed,0,5285
2,69210,741,0,5,Excited,Calmed,0,5285
2,69212,741,0,5,Excited,Calmed,0,5285
2,69221,741,0,5,Excited,Calmed,0,5285
2,69224,741,0,5,Excited,Calmed,0,5285
2,69226,741,0,5,Excited,Calmed,0,5285
2,69229,741,0,5,Excited,Calmed,0,5285
2,69238,741,0,5,Excited,Calmed,0,5285
2,69241,741,0,5,Excited,Calmed,0,5285
2,69243,741,0,5,Excited,Calmed,0,5285
2,69246,741,0,5,Excited,Calmed,0,5285
2,69255,741,0,5,Excited,Calmed,0,5285
2,69257,741,0,5,Excited,Calmed,0,5285
2,69260,741,0,5,Excited,Calmed,0,5285
2,69262,741,0,5,Excited,Calmed,0,5285
2,69272,741,0,5,Excited,Calmed,0,5285
2,69274,741,0,5,Excited,Calmed,0,5285
2,69276,741,0,5,Excited,Calmed,0,5285
2,69279,741,0,5,Excited,Calmed,0,5285
2,69288,741,0,5,Excited,Calmed,0,5285
2,69291,741,0,5,Excited,Calmed,0,5285
2,69293,741,0,5,Excited,Calmed,0,5285
2,69296,741,0,5,Excited,Calmed,0,5285
2,69305,741,0,5,Excited,Calmed,0,5285
2,69307,741,0,5,Excited,Calmed,0,5285
2,69310,741,0,5,Excited,Calmed,0,5285
2,69312,741,0,5,Excited,Calmed,0,5285
2,69322,741,0,5,Excited,Calmed,0,5285
2,69324,741,0,5,Excited,Calmed,0,5285
2,69326,741,0,5,Excited,Calmed,0,5285
2,69329,741,0,5,Excited,Calmed,0,5285
2,69338,741,0,5,Excited,Calmed,0,5285
2,69341,741,0,5,Excited,Calmed,0,5285
2,69343,741,0,5,Excited,Calmed,0,5285
2,69346,741,0,5,Excited,Calmed,0,5285
2,69355,741,0,5,Excited,Calmed,0,5285
2,69357,741,0,5,Excited,Calmed,0,5285
2,69360,741,0,5,Excited,Calmed,0,5285
2,69362,741,0,5,Excited,Calmed,0,5285
2,69371,741,0,5,Excited,Calmed,0,5285
2,69374,741,0,5,Excited,Calmed,0,5285
2,69376,741,0,5,Excited,Calmed,0,5285
2,69379,741,0,5,Excited,Calmed,0,5285
2,69388,741,0,5,Excited,Calmed,0,5285
2,69391,741,0,5,Excited,Calmed,0,5285
2,69393,741,0,5,Excited,Calmed,0,5285
2,69396,741,0,5,Excited,Calmed,0,5285
2,69405,741,0,5,Excited,Calmed,0,5285
2,69407,741,0,5,Excited,Calmed,0,5285
2,69410,741,0,5,Excited,Calmed,0,5285
2,69412,741,0,5,Excited,Calmed,0,5285
2,69421,741,0,5,Excited,Calmed,0,5285
2,69424,741,0,5,Excited,Calmed,0,5285
2,69426,741,0,5,Excited,Calmed,0,5285
2,69429,741,0,5,Excited,Calmed,0,5285
2,69438,741,0,5,Excited,Calmed,0,5285
2,69441,741,0,5,Excited,Calmed,0,5285
2,69443,741,0,5,Excited,Calmed,0,5285
2,69445,741,0,5,Excited,Calmed,0,5285
2,69455,741,0,5,Excited,Calmed,0,5285
2,69457,741,0,5,Excited,Calmed,0,5285
2,69460,741,0,5,Excited,Calmed,0,5285
2,69462,741,0,5,Excited,Calmed,0,5285
2,69471,741,0,5,Excited,Calmed,0,5285
2,69474,741,0,5,Excited,Calmed,0,5285
2,69476,741,0,5,Excited,Calmed,0,5285
2,69479,741,0,5,Excited,Calmed,0,5285
2,69489,741,0,5,Excited,Calmed,0,5285
2,69491,741,0,5,Excited,Calmed,0,5285
2,69494,741,0,5,Excited,Calmed,0,5285
2,69496,741,0,5,Excited,Calmed,0,5285
2,69505,741,0,5,Excited,Calmed,0,5285
2,69507,741,0,5,Excited,Calmed,0,5285
2,69509,741,0,5,Excited,Calmed,0,5285
2,69512,741,0,5,Excited,Calmed,0,5285
2,69521,741,0,5,Excited,Calmed,0,5285
2,69524,741,0,5,Excited,Calmed,0,5285
2,69526,741,0,5,Excited,Calmed,0,5285
2,69529,741,0,5,Excited,Calmed,0,5285
2,69538,741,0,5,Excited,Calmed,0,5285
2,69541,741,0,5,Excited,Calmed,0,5285
2,69543,741,0,5,Excited,Calmed,0,5285
2,69545,741,0,5,Excited,Calmed,0,5285
2,69555,741,0,5,Excited,Calmed,0,5285
2,69557,741,0,5,Excited,Calmed,0,5285
2,69560,741,0,5,Excited,Calmed,0,5285
2,69562,741,0,5,Excited,Calmed,0,5285
2,69571,741,0,5,Excited,Calmed,0,5285
2,69574,741,0,5,Excited,Calmed,0,5285
2,69576,741,0,5,Excited,Calmed,0,5285
2,69579,741,0,5,Excited,Calmed,0,5285
2,69588,741,0,5,Excited,Calmed,0,5285
2,69591,741,0,5,Excited,Calmed,0,5285
2,69593,741,0,5,Excited,Calmed,0,5285
2,69596,741,0,5,Excited,Calmed,0,5285
2,69605,741,0,5,Excited,Calmed,0,5285
2,69607,741,0,5,Excited,Calmed,0,5285
2,69609,741,0,5,Excited,Calmed,0,5285
2,69612,741,0,5,Excited,Calmed,0,5285
2,69621,741,0,5,Excited,Calmed,0,5285
2,69624,741,0,5,Excited,Calmed,0,5285
2,69627,741,0,5,Excited,Calmed,0,5285
2,69629,741,0,5,Excited,Calmed,0,5285
2,69638,741,0,5,Excited,Calmed,0,5285
2,69641,741,0,5,Excited,Calmed,0,5285
2,69643,741,0,5,Excited,Calmed,0,5285
2,69645,741,0,5,Excited,Calmed,0,5285
2,69655,741,0,5,Excited,Calmed,0,5285
2,69657,741,0,5,Excited,Calmed,0,5285
2,69660,741,0,5,Excited,Calmed,0,5285
2,69662,741,0,5,Excited,Calmed,0,5285
2,69671,741,0,5,Excited,Calmed,0,5285
2,69674,741,0,5,Excited,Calmed,0,5285
2,69676,741,0,5,Excited,Calmed,0,5285
2,69679,741,0,5,Excited,Calmed,0,5285
2,69688,741,0,5,Excited,Calmed,0,5285
2,69691,741,0,5,Excited,Calmed,0,5285
2,69693,741,0,5,Excited,Calmed,0,5285
2,69696,741,0,5,Excited,Calmed,0,5285
2,69705,741,0,5,Excited,Calmed,0,5285
2,69707,741,0,5,Excited,Calmed,0,5285
2,69710,741,0,5,Excited,Calmed,0,5285
2,69712,741,0,5,Excited,Calmed,0,5285
2,69721,741,0,5,Excited,Calmed,0,5285
2,69724,741,0,5,Excited,Calmed,0,5285
2,69726,741,0,5,Excited,Calmed,0,5285
2,69729,741,0,5,Excited,Calmed,0,5285
2,69738,741,0,5,Excited,Calmed,0,5285
2,69741,741,0,5,Excited,Calmed,0,5285
2,69743,741,0,5,Excited,Calmed,0,5285
2,69745,741,0,5,Excited,Calmed,0,5285
2,69755,741,0,5,Excited,Calmed,0,5285
2,69757,741,0,5,Excited,Calmed,0,5285
2,69760,741,0,5,Excited,Calmed,0,5285
2,69762,741,0,5,Excited,Calmed,0,5285
2,69772,741,0,5,Excited,Calmed,0,5285
2,69775,741,0,5,Excited,Calmed,0,5285
2,69777,741,0,5,Excited,Calmed,0,5285
2,69779,741,0,5,Excited,Calmed,0,5285
2,69788,741,0,5,Excited,Calmed,0,5285
2,69791,741,0,5,Excited,Calmed,0,5285
2,69793,741,0,5,Excited,Calmed,0,5285
2,69795,741,0,5,Excited,Calmed,0,5285
2,69811,741,0,5,Excited,Calmed,0,5285
2,69822,741,0,5,Excited,Calmed,0,5285
2,69827,741,0,5,Excited,Calmed,0,5285
2,69833,741,0,5,Excited,Calmed,0,5285
2,69841,741,0,5,Excited,Calmed,0,5285
2,69847,741,0,5,Excited,Calmed,0,5285
2,69853,741,0,5,Excited,Calmed,0,5285
2,69859,741,0,5,Excited,Calmed,0,5285
2,69865,741,0,5,Excited,Calmed,0,5285
2,69882,741,0,5,Excited,Calmed,0,5285
2,69885,741,0,5,Excited,Calmed,0,5285
2,69888,741,0,5,Excited,Calmed,0,5285
2,69890,741,0,5,Excited,Calmed,0,5285
2,69893,741,0,5,Excited,Calmed,0,5285
2,69895,741,0,5,Excited,Calmed,0,5285
2,69905,741,0,5,Excited,Calmed,0,5285
2,69907,740,-1,5,Excited,Calmed,0,5285
2,69910,740,-1,5,Excited,Calmed,0,5285
2,69912,740,-1,5,Excited,Calmed,0,5285
2,69921,740,-1,5,Excited,Calmed,0,5285
2,69924,740,-1,5,Excited,Calmed,0,5285
2,69926,740,-1,5,Excited,Calmed,0,5285
2,69929,740,-1,5,Excited,Calmed,0,5285
2,69938,740,-1,5,Excited,Calmed,0,5285
2,69941,740,-1,5,Excited,Calmed,0,5285
2,69943,740,-1,5,Excited,Calmed,0,5285
2,69945,740,-1,5,Excited,Calmed,0,5285
2,69955,741,0,5,Excited,Calmed,0,5285
2,69957,741,0,5,Excited,Calmed,0,5285
2,69960,741,0,5,Excited,Calmed,0,5285
2,69962,741,0,5,Excited,Calmed,0,5285
2,69971,741,0,5,Excited,Calmed,0,5285
2,69974,741,0,5,Excited,Calmed,0,5285
2,69976,741,0,5,Excited,Calmed,0,5285
2,69979,741,0,5,Excited,Calmed,0,5285
2,69988,741,0,5,Excited,Calmed,0,5285
2,69991,741,0,5,Excited,Calmed,0,5285
2,69993,741,0,5,Excited,Calmed,0,5285
2,69995,741,0,5,Excited,Calmed,0,5285
2,70005,741,0,5,Excited,Calmed,0,5285
2,70007,741,0,5,Excited,Calmed,0,5285
2,70010,741,0,5,Excited,Calmed,0,5285
2,70012,741,0,5,Excited,Calmed,0,5285
2,70022,741,0,5,Excited,Calmed,0,5285
2,70024,741,0,5,Excited,Calmed,0,5285
2,70026,741,0,5,Excited,Calmed,0,5285
2,70029,741,0,5,Excited,Calmed,0,5285
2,70038,741,0,5,Excited,Calmed,0,5285
2,70041,741,0,5,Excited,Calmed,0,5285
2,70043,741,0,5,Excited,Calmed,0,5285
2,70045,741,0,5,Excited,Calmed,0,5285
2,70055,741,0,5,Excited,Calmed,0,5285
2,70058,741,0,5,Excited,Calmed,0,5285
2,70060,741,0,5,Excited,Calmed,0,5285
2,70062,741,0,5,Excited,Calmed,0,5285
2,70071,741,0,5,Excited,Calmed,0,5285
2,70074,741,0,5,Excited,Calmed,0,5285
2,70077,741,0,5,Excited,Calmed,0,5285
2,70079,741,0,5,Excited,Calmed,0,5285
2,70088,741,0,5,Excited,Calmed,0,5285
2,70091,741,0,5,Excited,Calmed,0,5285
2,70093,741,0,5,Excited,Calmed,0,5285
2,70095,741,0,5,Excited,Calmed,0,5285
2,70105,741,0,5,Excited,Calmed,0,5285
2,70108,741,0,5,Excited,Calmed,0,5285
2,70110,741,0,5,Excited,Calmed,0,5285
2,70112,741,0,5,Excited,Calmed,0,5285
2,70122,741,0,5,Excited,Calmed,0,5285
2,70124,741,0,5,Excited,Calmed,0,5285
2,70126,741,0,5,Excited,Calmed,0,5285
2,70129,741,0,5,Excited,Calmed,0,5285
2,70138,741,0,5,Excited,Calmed,0,5285
2,70141,741,0,5,Excited,Calmed,0,5285
2,70143,741,0,5,Excited,Calmed,0,5285
2,70145,741,0,5,Excited,Calmed,0,5285
2,70155,741,0,5,Excited,Calmed,0,5285
2,70157,741,0,5,Excited,Calmed,0,5285
2,70160,741,0,5,Excited,Calmed,0,5285
2,70162,741,0,5,Excited,Calmed,0,5285
2,70171,741,0,5,Excited,Calmed,0,5285
2,70174,741,0,5,Excited,Calmed,0,5285
2,70176,741,0,5,Excited,Calmed,0,5285
2,70179,741,0,5,Excited,Calmed,0,5285
2,70188,741,0,5,Excited,Calmed,0,5285
2,70191,741,0,5,Excited,Calmed,0,5285
2,70193,741,0,5,Excited,Calmed,0,5285
2,70195,741,0,5,Excited,Calmed,0,5285
2,70205,741,0,5,Excited,Calmed,0,5285
2,70207,741,0,5,Excited,Calmed,0,5285
2,70210,741,0,5,Excited,Calmed,0,5285
2,70212,741,0,5,Excited,Calmed,0,5285
2,70221,741,0,5,Excited,Calmed,0,5285
2,70224,741,0,5,Excited,Calmed,0,5285
2,70226,741,0,5,Excited,Calmed,0,5285
2,70229,741,0,5,Excited,Calmed,0,5285
2,70238,741,0,5,Excited,Calmed,0,5285
2,70241,741,0,5,Excited,Calmed,0,5285
2,70243,741,0,5,Excited,Calmed,0,5285
2,70245,741,0,5,Excited,Calmed,0,5285
2,70255,741,0,5,Excited,Calmed,0,5285
2,70257,741,0,5,Excited,Calmed,0,5285
2,70260,741,0,5,Excited,Calmed,0,5285
2,70262,741,0,5,Excited,Calmed,0,5285
2,70271,741,0,5,Excited,Calmed,0,5285
2,70274,741,0,5,Excited,Calmed,0,5285
2,70277,741,0,5,Excited,Calmed,0,5285
2,70279,741,0,5,Excited,Calmed,0,5285
2,70288,741,0,5,Excited,Calmed,0,5285
2,70291,741,0,5,Excited,Calmed,0,5285
2,70293,741,0,5,Excited,Calmed,0,5285
2,70295,741,0,5,Excited,Calmed,0,5285
2,70305,741,0,5,Excited,Calmed,0,5285
2,70307,741,0,5,Excited,Calmed,0,5285
2,70310,741,0,5,Excited,Calmed,0,5285
2,70312,741,0,5,Excited,Calmed,0,5285
2,70321,741,0,5,Excited,Calmed,0,5285
2,70324,741,0,5,Excited,Calmed,0,5285
2,70326,741,0,5,Excited,Calmed,0,5285
2,70329,741,0,5,Excited,Calmed,0,5285
2,70338,741,0,5,Excited,Calmed,0,5285
2,70341,741,0,5,Excited,Calmed,0,5285
2,70343,741,0,5,Excited,Calmed,0,5285
2,70346,741,0,5,Excited,Calmed,0,5285
2,70355,741,0,5,Excited,Calmed,0,5285
2,70357,741,0,5,Excited,Calmed,0,5285
2,70360,741,0,5,Excited,Calmed,0,5285
2,70362,741,0,5,Excited,Calmed,0,5285
2,70371,741,0,5,Excited,Calmed,0,5285
2,70374,741,0,5,Excited,Calmed,0,5285
2,70376,741,0,5,Excited,Calmed,0,5285
2,70379,741,0,5,Excited,Calmed,0,5285
2,70388,741,0,5,Excited,Calmed,0,5285
2,70391,741,0,5,Excited,Calmed,0,5285
2,70393,741,0,5,Excited,Calmed,0,5285
2,70396,741,0,5,Excited,Calmed,0,5285
2,70405,741,0,5,Excited,Calmed,0,5285
2,70407,741,0,5,Excited,Calmed,0,5285
2,70410,741,0,5,Excited,Calmed,0,5285
2,70412,741,0,5,Excited,Calmed,0,5285
2,70421,741,0,5,Excited,Calmed,0,5285
2,70424,741,0,5,Excited,Calmed,0,5285
2,70426,741,0,5,Excited,Calmed,0,5285
2,70429,741,0,5,Excited,Calmed,0,5285
2,70438,741,0,5,Excited,Calmed,0,5285
2,70441,741,0,5,Excited,Calmed,0,5285
2,70443,741,0,5,Excited,Calmed,0,5285
2,70445,741,0,5,Excited,Calmed,0,5285
2,70455,741,0,5,Excited,Calmed,0,5285
2,70457,741,0,5,Excited,Calmed,0,5285
2,70460,741,0,5,Excited,Calmed,0,5285
2,70462,741,0,5,Excited,Calmed,0,5285
2,70471,741,0,5,Excited,Calmed,0,5285
2,70474,741,0,5,Excited,Calmed,0,5285
2,70477,741,0,5,Excited,Calmed,0,5285
2,70479,741,0,5,Excited,Calmed,0,5285
2,70488,741,0,5,Excited,Calmed,0,5285
2,70491,741,0,5,Excited,Calmed,0,5285
2,70494,741,0,5,Excited,Calmed,0,5285
2,70496,741,0,5,Excited,Calmed,0,5285
2,70505,741,0,5,Excited,Calmed,0,5285
2,70507,741,0,5,Excited,Calmed,0,5285
2,70509,741,0,5,Excited,Calmed,0,5285
2,70512,741,0,5,Excited,Calmed,0,5285
2,70521,741,0,5,Excited,Calmed,0,5285
2,70524,741,0,5,Excited,Calmed,0,5285
2,70526,741,0,5,Excited,Calmed,0,5285
2,70529,741,0,5,Excited,Calmed,0,5285
2,70538,741,0,5,Excited,Calmed,0,5285
2,70541,741,0,5,Excited,Calmed,0,5285
2,70543,741,0,5,Excited,Calmed,0,5285
2,70545,741,0,5,Excited,Calmed,0,5285
2,70555,741,0,5,Excited,Calmed,0,5285
2,70557,741,0,5,Excited,Calmed,0,5285
2,70560,741,0,5,Excited,Calmed,0,5285
2,70562,741,0,5,Excited,Calmed,0,5285
2,70571,741,0,5,Excited,Calmed,0,5285
2,70574,741,0,5,Excited,Calmed,0,5285
2,70576,741,0,5,Excited,Calmed,0,5285
2,70579,741,0,5,Excited,Calmed,0,5285
2,70588,741,0,5,Excited,Calmed,0,5285
2,70591,741,0,5,Excited,Calmed,0,5285
2,70593,741,0,5,Excited,Calmed,0,5285
2,70596,741,0,5,Excited,Calmed,0,5285
2,70605,741,0,5,Excited,Calmed,0,5285
2,70607,741,0,5,Excited,Calmed,0,5285
2,70610,741,0,5,Excited,Calmed,0,5285
2,70612,741,0,5,Excited,Calmed,0,5285
2,70621,741,0,5,Excited,Calmed,0,5285
2,70624,741,0,5,Excited,Calmed,0,5285
2,70626,741,0,5,Excited,Calmed,0,5285
2,70629,741,0,5,Excited,Calmed,0,5285
2,70638,741,0,5,Excited,Calmed,0,5285
2,70641,741,0,5,Excited,Calmed,0,5285
2,70643,741,0,5,Excited,Calmed,0,5285
2,70646,741,0,5,Excited,Calmed,0,5285
2,70655,741,0,5,Excited,Calmed,0,5285
2,70657,741,0,5,Excited,Calmed,0,5285
2,70660,741,0,5,Excited,Calmed,0,5285
2,70662,741,0,5,Excited,Calmed,0,5285
2,70671,741,0,5,Excited,Calmed,0,5285
2,70674,741,0,5,Excited,Calmed,0,5285
2,70677,741,0,5,Excited,Calmed,0,5285
2,70679,741,0,5,Excited,Calmed,0,5285
2,70688,741,0,5,Excited,Calmed,0,5285
2,70690,741,0,5,Excited,Calmed,0,5285
2,70693,741,0,5,Excited,Calmed,0,5285
2,70695,741,0,5,Excited,Calmed,0,5285
2,70705,741,0,5,Excited,Calmed,0,5285
2,70707,741,0,5,Excited,Calmed,0,5285
2,70710,741,0,5,Excited,Calmed,0,5285
2,70712,741,0,5,Excited,Calmed,0,5285
2,70721,741,0,5,Excited,Calmed,0,5285
2,70724,741,0,5,Excited,Calmed,0,5285
2,70726,741,0,5,Excited,Calmed,0,5285
2,70729,741,0,5,Excited,Calmed,0,5285
2,70738,741,0,5,Excited,Calmed,0,5285
2,70741,741,0,5,Excited,Calmed,0,5285
2,70743,741,0,5,Excited,Calmed,0,5285
2,70745,741,0,5,Excited,Calmed,0,5285
2,70755,741,0,5,Excited,Calmed,0,5285
2,70757,741,0,5,Excited,Calmed,0,5285
2,70760,741,0,5,Excited,Calmed,0,5285
2,70762,741,0,5,Excited,Calmed,0,5285
2,70772,741,0,5,Excited,Calmed,0,5285
2,70774,741,0,5,Excited,Calmed,0,5285
2,70776,741,0,5,Excited,Calmed,0,5285
2,70779,741,0,5,Excited,Calmed,0,5285
2,70788,741,0,5,Excited,Calmed,0,5285
2,70791,741,0,5,Excited,Calmed,0,5285
2,70793,741,0,5,Excited,Calmed,0,5285
2,70795,741,0,5,Excited,Calmed,0,5285
2,70805,741,0,5,Excited,Calmed,0,5285
2,70807,741,0,5,Excited,Calmed,0,5285
2,70810,741,0,5,Excited,Calmed,0,5285
2,70812,741,0,5,Excited,Calmed,0,5285
2,70821,741,0,5,Excited,Calmed,0,5285
2,70824,741,0,5,Excited,Calmed,0,5285
2,70826,741,0,5,Excited,Calmed,0,5285
2,70829,741,0,5,Excited,Calmed,0,5285
2,70838,741,0,5,Excited,Calmed,0,5285
2,70841,741,0,5,Excited,Calmed,0,5285
2,70843,741,0,5,Excited,Calmed,0,5285
2,70845,741,0,5,Excited,Calmed,0,5285
2,70855,741,0,5,Excited,Calmed,0,5285
2,70857,741,0,5,Excited,Calmed,0,5285
2,70860,741,0,5,Excited,Calmed,0,5285
2,70862,741,0,5,Excited,Calmed,0,5285
2,70872,741,0,5,Excited,Calmed,0,5285
2,70874,741,0,5,Excited,Calmed,0,5285
2,70876,741,0,5,Excited,Calmed,0,5285
2,70879,741,0,5,Excited,Calmed,0,5285
2,70888,741,0,5,Excited,Calmed,0,5285
2,70891,741,0,5,Excited,Calmed,0,5285
2,70893,741,0,5,Excited,Calmed,0,5285
2,70895,741,0,5,Excited,Calmed,0,5285
2,70905,741,0,5,Excited,Calmed,0,5285
2,70907,741,0,5,Excited,Calmed,0,5285
2,70910,741,0,5,Excited,Calmed,0,5285
2,70912,741,0,5,Excited,Calmed,0,5285
2,70922,741,0,5,Excited,Calmed,0,5285
2,70924,741,0,5,Excited,Calmed,0,5285
2,70926,741,0,5,Excited,Calmed,0,5285
2,70929,741,0,5,Excited,Calmed,0,5285
2,70938,741,0,5,Excited,Calmed,0,5285
2,70941,741,0,5,Excited,Calmed,0,5285
2,70943,741,0,5,Excited,Calmed,0,5285
2,70946,741,0,5,Excited,Calmed,0,5285
2,70955,741,0,5,Excited,Calmed,0,5285
2,70957,741,0,5,Excited,Calmed,0,5285
2,70960,741,0,5,Excited,Calmed,0,5285
2,70962,741,0,5,Excited,Calmed,0,5285
2,70971,741,0,5,Excited,Calmed,0,5285
2,70974,741,0,5,Excited,Calmed,0,5285
2,70976,741,0,5,Excited,Calmed,0,5285
2,70979,741,0,5,Excited,Calmed,0,5285
2,70988,741,0,5,Excited,Calmed,0,5285
2,70991,741,0,5,Excited,Calmed,0,5285
2,70993,741,0,5,Excited,Calmed,0,5285
2,70995,741,0,5,Excited,Calmed,0,5285
2,71005,741,0,5,Excited,Calmed,0,5285
2,71007,741,0,5,Excited,Calmed,0,5285
2,71010,741,0,5,Excited,Calmed,0,5285
2,71012,741,0,5,Excited,Calmed,0,5285
2,71021,741,0,5,Excited,Calmed,0,5285
2,71024,741,0,5,Excited,Calmed,0,5285
2,71026,741,0,5,Excited,Calmed,0,5285
2,71028,741,0,5,Excited,Calmed,0,5285
2,71038,741,0,5,Excited,Calmed,0,5285
2,71041,741,0,5,Excited,Calmed,0,5285
2,71043,741,0,5,Excited,Calmed,0,5285
2,71045,741,0,5,Excited,Calmed,0,5285
2,71055,741,0,5,Excited,Calmed,0,5285
2,71057,741,0,5,Excited,Calmed,0,5285
2,71060,741,0,5,Excited,Calmed,0,5285
2,71062,741,0,5,Excited,Calmed,0,5285
2,71071,741,0,5,Excited,Calmed,0,5285
2,71074,741,0,5,Excited,Calmed,0,5285
2,71076,741,0,5,Excited,Calmed,0,5285
2,71079,741,0,5,Excited,Calmed,0,5285
2,71088,741,0,5,Excited,Calmed,0,5285
2,71091,741,0,5,Excited,Calmed,0,5285
2,71093,741,0,5,Excited,Calmed,0,5285
2,71095,741,0,5,Excited,Calmed,0,5285
2,71105,741,0,5,Excited,Calmed,0,5285
2,71107,741,0,5,Excited,Calmed,0,5285
2,71110,741,0,5,Excited,Calmed,0,5285
2,71112,741,0,5,Excited,Calmed,0,5285
2,71121,741,0,5,Excited,Calmed,0,5285
2,71124,741,0,5,Excited,Calmed,0,5285
2,71126,741,0,5,Excited,Calmed,0,5285
2,71129,741,0,5,Excited,Calmed,0,5285
2,71138,741,0,5,Excited,Calmed,0,5285
2,71141,741,0,5,Excited,Calmed,0,5285
2,71143,741,0,5,Excited,Calmed,0,5285
2,71145,741,0,5,Excited,Calmed,0,5285
2,71155,741,0,5,Excited,Calmed,0,5285
2,71157,741,0,5,Excited,Calmed,0,5285
2,71160,741,0,5,Excited,Calmed,0,5285
2,71162,741,0,5,Excited,Calmed,0,5285
2,71171,741,0,5,Excited,Calmed,0,5285
2,71174,741,0,5,Excited,Calmed,0,5285
2,71176,741,0,5,Excited,Calmed,0,5285
2,71179,741,0,5,Excited,Calmed,0,5285
2,71188,740,-1,5,Excited,Calmed,0,5285
2,71191,740,-1,5,Excited,Calmed,0,5285
2,71193,740,-1,5,Excited,Calmed,0,5285
2,71195,740,-1,5,Excited,Calmed,0,5285
2,71205,740,-1,5,Excited,Calmed,0,5285
2,71207,740,-1,5,Excited,Calmed,0,5285
2,71210,740,-1,5,Excited,Calmed,0,5285
2,71212,740,-1,5,Excited,Calmed,0,5285
2,71221,740,-1,5,Excited,Calmed,0,5285
2,71224,740,-1,5,Excited,Calmed,0,5285
2,71226,740,-1,5,Excited,Calmed,0,5285
2,71228,740,-1,5,Excited,Calmed,0,5285
2,71238,740,-1,5,Excited,Calmed,0,5285
2,71241,740,-1,5,Excited,Calmed,0,5285
2,71243,740,-1,5,Excited,Calmed,0,5285
2,71246,740,-1,5,Excited,Calmed,0,5285
2,71255,740,-1,5,Excited,Calmed,0,5285
2,71257,740,-1,5,Excited,Calmed,0,5285
2,71260,740,-1,5,Excited,Calmed,0,5285
2,71262,740,-1,5,Excited,Calmed,0,5285
2,71271,740,-1,5,Excited,Calmed,0,5285
2,71274,740,-1,5,Excited,Calmed,0,5285
2,71277,740,-1,5,Excited,Calmed,0,5285
2,71279,740,-1,5,Excited,Calmed,0,5285
2,71288,740,-1,5,Excited,Calmed,0,5285
2,71291,741,0,5,Excited,Calmed,0,5285
2,71293,741,0,5,Excited,Calmed,0,5285
2,71295,741,0,5,Excited,Calmed,0,5285
2,71305,741,0,5,Excited,Calmed,0,5285
2,71307,741,0,5,Excited,Calmed,0,5285
2,71310,741,0,5,Excited,Calmed,0,5285
2,71312,741,0,5,Excited,Calmed,0,5285
2,71321,741,0,5,Excited,Calmed,0,5285
2,71324,741,0,5,Excited,Calmed,0,5285
2,71327,741,0,5,Excited,Calmed,0,5285
2,71329,741,0,5,Excited,Calmed,0,5285
2,71338,741,0,5,Excited,Calmed,0,5285
2,71341,741,0,5,Excited,Calmed,0,5285
2,71343,741,0,5,Excited,Calmed,0,5285
2,71345,741,0,5,Excited,Calmed,0,5285
2,71355,741,0,5,Excited,Calmed,0,5285
2,71357,741,0,5,Excited,Calmed,0,5285
2,71359,741,0,5,Excited,Calmed,0,5285
2,71362,741,0,5,Excited,Calmed,0,5285
2,71372,741,0,5,Excited,Calmed,0,5285
2,71374,741,0,5,Excited,Calmed,0,5285
2,71376,741,0,5,Excited,Calmed,0,5285
2,71379,741,0,5,Excited,Calmed,0,5285
2,71388,741,0,5,Excited,Calmed,0,5285
2,71390,741,0,5,Excited,Calmed,0,5285
2,71393,741,0,5,Excited,Calmed,0,5285
2,71395,741,0,5,Excited,Calmed,0,5285
2,71405,741,0,5,Excited,Calmed,0,5285
2,71407,741,0,5,Excited,Calmed,0,5285
2,71410,741,0,5,Excited,Calmed,0,5285
2,71412,741,0,5,Excited,Calmed,0,5285
2,71421,741,0,5,Excited,Calmed,0,5285
2,71424,741,0,5,Excited,Calmed,0,5285
2,71426,741,0,5,Excited,Calmed,0,5285
2,71429,741,0,5,Excited,Calmed,0,5285
2,71438,741,0,5,Excited,Calmed,0,5285
2,71441,741,0,5,Excited,Calmed,0,5285
2,71443,741,0,5,Excited,Calmed,0,5285
2,71445,741,0,5,Excited,Calmed,0,5285
2,71455,741,0,5,Excited,Calmed,0,5285
2,71457,741,0,5,Excited,Calmed,0,5285
2,71460,741,0,5,Excited,Calmed,0,5285
2,71462,741,0,5,Excited,Calmed,0,5285
2,71472,741,0,5,Excited,Calmed,0,5285
2,71474,741,0,5,Excited,Calmed,0,5285
2,71477,741,0,5,Excited,Calmed,0,5285
2,71479,741,0,5,Excited,Calmed,0,5285
2,71488,741,0,5,Excited,Calmed,0,5285
2,71491,741,0,5,Excited,Calmed,0,5285
2,71493,741,0,5,Excited,Calmed,0,5285
2,71495,741,0,5,Excited,Calmed,0,5285
2,71505,741,0,5,Excited,Calmed,0,5285
2,71507,741,0,5,Excited,Calmed,0,5285
2,71509,741,0,5,Excited,Calmed,0,5285
2,71512,741,0,5,Excited,Calmed,0,5285
2,71521,741,0,5,Excited,Calmed,0,5285
2,71524,741,0,5,Excited,Calmed,0,5285
2,71527,741,0,5,Excited,Calmed,0,5285
2,71529,741,0,5,Excited,Calmed,0,5285
2,71538,741,0,5,Excited,Calmed,0,5285
2,71541,741,0,5,Excited,Calmed,0,5285
2,71543,741,0,5,Excited,Calmed,0,5285
2,71545,741,0,5,Excited,Calmed,0,5285
2,71555,741,0,5,Excited,Calmed,0,5285
2,71557,741,0,5,Excited,Calmed,0,5285
2,71560,741,0,5,Excited,Calmed,0,5285
2,71562,741,0,5,Excited,Calmed,0,5285
2,71572,741,0,5,Excited,Calmed,0,5285
2,71574,741,0,5,Excited,Calmed,0,5285
2,71577,741,0,5,Excited,Calmed,0,5285
2,71579,741,0,5,Excited,Calmed,0,5285
2,71588,741,0,5,Excited,Calmed,0,5285
2,71591,741,0,5,Excited,Calmed,0,5285
2,71593,741,0,5,Excited,Calmed,0,5285
2,71595,741,0,5,Excited,Calmed,0,5285
2,71605,741,0,5,Excited,Calmed,0,5285
2,71607,741,0,5,Excited,Calmed,0,5285
2,71610,741,0,5,Excited,Calmed,0,5285
2,71612,741,0,5,Excited,Calmed,0,5285
2,71621,741,0,5,Excited,Calmed,0,5285
2,71624,741,0,5,Excited,Calmed,0,5285
2,71626,741,0,5,Excited,Calmed,0,5285
2,71629,741,0,5,Excited,Calmed,0,5285
2,71638,741,0,5,Excited,Calmed,0,5285
2,71641,741,0,5,Excited,Calmed,0,5285
2,71643,741,0,5,Excited,Calmed,0,5285
2,71645,741,0,5,Excited,Calmed,0,5285
2,71655,741,0,5,Excited,Calmed,0,5285
2,71657,741,0,5,Excited,Calmed,0,5285
2,71660,741,0,5,Excited,Calmed,0,5285
2,71662,741,0,5,Excited,Calmed,0,5285
2,71671,741,0,5,Excited,Calmed,0,5285
2,71674,741,0,5,Excited,Calmed,0,5285
2,71677,741,0,5,Excited,Calmed,0,5285
2,71679,741,0,5,Excited,Calmed,0,5285
2,71688,741,0,5,Excited,Calmed,0,5285
2,71690,741,0,5,Excited,Calmed,0,5285
2,71693,741,0,5,Excited,Calmed,0,5285
2,71695,741,0,5,Excited,Calmed,0,5285
2,71705,741,0,5,Excited,Calmed,0,5285
2,71707,741,0,5,Excited,Calmed,0,5285
2,71710,741,0,5,Excited,Calmed,0,5285
2,71712,741,0,5,Excited,Calmed,0,5285
2,71721,741,0,5,Excited,Calmed,0,5285
2,71724,741,0,5,Excited,Calmed,0,5285
2,71727,741,0,5,Excited,Calmed,0,5285
2,71729,741,0,5,Excited,Calmed,0,5285
2,71738,741,0,5,Excited,Calmed,0,5285
2,71741,741,0,5,Excited,Calmed,0,5285
2,71743,741,0,5,Excited,Calmed,0,5285
2,71746,740,-1,5,Excited,Calmed,0,5285
2,71755,740,-1,5,Excited,Calmed,0,5285
2,71757,740,-1,5,Excited,Calmed,0,5285
2,71759,740,-1,5,Excited,Calmed,0,5285
2,71762,740,-1,5,Excited,Calmed,0,5285
2,71772,740,-1,5,Excited,Calmed,0,5285
2,71774,740,-1,5,Excited,Calmed,0,5285
2,71776,740,-1,5,Excited,Calmed,0,5285
2,71779,740,-1,5,Excited,Calmed,0,5285
2,71788,740,-1,5,Excited,Calmed,0,5285
2,71790,740,-1,5,Excited,Calmed,0,5285
2,71793,740,-1,5,Excited,Calmed,0,5285
2,71795,740,-1,5,Excited,Calmed,0,5285
2,71805,740,-1,5,Excited,Calmed,0,5285
2,71807,741,0,5,Excited,Calmed,0,5285
2,71810,741,0,5,Excited,Calmed,0,5285
2,71812,741,0,5,Excited,Calmed,0,5285
2,71821,741,0,5,Excited,Calmed,0,5285
2,71824,741,0,5,Excited,Calmed,0,5285
2,71826,741,0,5,Excited,Calmed,0,5285
2,71829,741,0,5,Excited,Calmed,0,5285
2,71838,741,0,5,Excited,Calmed,0,5285
2,71841,741,0,5,Excited,Calmed,0,5285
2,71843,741,0,5,Excited,Calmed,0,5285
2,71846,741,0,5,Excited,Calmed,0,5285
2,71855,740,-1,5,Excited,Calmed,0,5285
2,71857,740,-1,5,Excited,Calmed,0,5285
2,71860,740,-1,5,Excited,Calmed,0,5285
2,71862,740,-1,5,Excited,Calmed,0,5285
2,71871,740,-1,5,Excited,Calmed,0,5285
2,71874,740,-1,5,Excited,Calmed,0,5285
2,71877,740,-1,5,Excited,Calmed,0,5285
2,71879,740,-1,5,Excited,Calmed,0,5285
2,71888,740,-1,5,Excited,Calmed,0,5285
2,71891,740,-1,5,Excited,Calmed,0,5285
2,71893,740,-1,5,Excited,Calmed,0,5285
2,71895,740,-1,5,Excited,Calmed,0,5285
2,71905,740,-1,5,Excited,Calmed,0,5285
2,71907,740,-1,5,Excited,Calmed,0,5285
2,71910,740,-1,5,Excited,Calmed,0,5285
2,71912,740,-1,5,Excited,Calmed,0,5285
2,71921,740,-1,5,Excited,Calmed,0,5285
2,71924,740,-1,5,Excited,Calmed,0,5285
2,71926,740,-1,5,Excited,Calmed,0,5285
2,71929,740,-1,5,Excited,Calmed,0,5285
2,71938,740,-1,5,Excited,Calmed,0,5285
2,71941,740,-1,5,Excited,Calmed,0,5285
2,71943,740,-1,5,Excited,Calmed,0,5285
2,71945,740,-1,5,Excited,Calmed,0,5285
2,71955,740,-1,5,Excited,Calmed,0,5285
2,71957,741,0,5,Excited,Calmed,0,5285
2,71960,741,0,5,Excited,Calmed,0,5285
2,71962,741,0,5,Excited,Calmed,0,5285
2,71971,741,0,5,Excited,Calmed,0,5285
2,71974,741,0,5,Excited,Calmed,0,5285
2,71976,741,0,5,Excited,Calmed,0,5285
2,71979,741,0,5,Excited,Calmed,0,5285
2,71988,741,0,5,Excited,Calmed,0,5285
2,71991,741,0,5,Excited,Calmed,0,5285
2,71993,741,0,5,Excited,Calmed,0,5285
2,71995,741,0,5,Excited,Calmed,0,5285
2,72005,741,0,5,Excited,Calmed,0,5285
2,72007,740,-1,5,Excited,Calmed,0,5285
2,72010,740,-1,5,Excited,Calmed,0,5285
2,72012,740,-1,5,Excited,Calmed,0,5285
2,72021,740,-1,5,Excited,Calmed,0,5285
2,72024,740,-1,5,Excited,Calmed,0,5285
2,72026,740,-1,5,Excited,Calmed,0,5285
2,72028,740,-1,5,Excited,Calmed,0,5285
2,72038,740,-1,5,Excited,Calmed,0,5285
2,72041,740,-1,5,Excited,Calmed,0,5285
2,72043,740,-1,5,Excited,Calmed,0,5285
2,72045,740,-1,5,Excited,Calmed,0,5285
2,72055,740,-1,5,Excited,Calmed,0,5285
2,72057,740,-1,5,Excited,Calmed,0,5285
2,72060,740,-1,5,Excited,Calmed,0,5285
2,72062,740,-1,5,Excited,Calmed,0,5285
2,72071,740,-1,5,Excited,Calmed,0,5285
2,72074,740,-1,5,Excited,Calmed,0,5285
2,72076,740,-1,5,Excited,Calmed,0,5285
2,72079,740,-1,5,Excited,Calmed,0,5285
2,72088,740,-1,5,Excited,Calmed,0,5285
2,72091,740,-1,5,Excited,Calmed,0,5285
2,72093,740,-1,5,Excited,Calmed,0,5285
2,72095,740,-1,5,Excited,Calmed,0,5285
2,72105,740,-1,5,Excited,Calmed,0,5285
2,72108,740,-1,5,Excited,Calmed,0,5285
2,72110,740,-1,5,Excited,Calmed,0,5285
2,72112,740,-1,5,Excited,Calmed,0,5285
2,72122,740,-1,5,Excited,Calmed,0,5285
2,72124,740,-1,5,Excited,Calmed,0,5285
2,72126,740,-1,5,Excited,Calmed,0,5285
2,72129,740,-1,5,Excited,Calmed,0,5285
2,72138,740,-1,5,Excited,Calmed,0,5285
2,72141,740,-1,5,Excited,Calmed,0,5285
2,72143,740,-1,5,Excited,Calmed,0,5285
2,72145,740,-1,5,Excited,Calmed,0,5285
2,72155,740,-1,5,Excited,Calmed,0,5285
2,72157,740,-1,5,Excited,Calmed,0,5285
2,72160,740,-1,5,Excited,Calmed,0,5285
2,72162,740,-1,5,Excited,Calmed,0,5285
2,72171,740,-1,5,Excited,Calmed,0,5285
2,72174,740,-1,5,Excited,Calmed,0,5285
2,72177,740,-1,5,Excited,Calmed,0,5285
2,72179,740,-1,5,Excited,Calmed,0,5285
2,72188,740,-1,5,Excited,Calmed,0,5285
2,72191,740,-1,5,Excited,Calmed,0,5285
2,72193,740,-1,5,Excited,Calmed,0,5285
2,72195,740,-1,5,Excited,Calmed,0,5285
2,72205,740,-1,5,Excited,Calmed,0,5285
2,72207,740,-1,5,Excited,Calmed,0,5285
2,72210,740,-1,5,Excited,Calmed,0,5285
2,72212,740,-1,5,Excited,Calmed,0,5285
2,72221,740,-1,5,Excited,Calmed,0,5285
2,72224,740,-1,5,Excited,Calmed,0,5285
2,72226,740,-1,5,Excited,Calmed,0,5285
2,72229,740,-1,5,Excited,Calmed,0,5285
2,72238,740,-1,5,Excited,Calmed,0,5285
2,72241,740,-1,5,Excited,Calmed,0,5285
2,72243,740,-1,5,Excited,Calmed,0,5285
2,72245,740,-1,5,Excited,Calmed,0,5285
2,72255,740,-1,5,Excited,Calmed,0,5285
2,72257,740,-1,5,Excited,Calmed,0,5285
2,72259,740,-1,5,Excited,Calmed,0,5285
2,72262,740,-1,5,Excited,Calmed,0,5285
2,72271,740,-1,5,Excited,Calmed,0,5285
2,72274,740,-1,5,Excited,Calmed,0,5285
2,72276,740,-1,5,Excited,Calmed,0,5285
2,72279,740,-1,5,Excited,Calmed,0,5285
2,72288,740,-1,5,Excited,Calmed,0,5285
2,72291,740,-1,5,Excited,Calmed,0,5285
2,72293,740,-1,5,Excited,Calmed,0,5285
2,72295,740,-1,5,Excited,Calmed,0,5285
2,72305,740,-1,5,Excited,Calmed,0,5285
2,72307,740,-1,5,Excited,Calmed,0,5285
2,72310,740,-1,5,Excited,Calmed,0,5285
2,72312,740,-1,5,Excited,Calmed,0,5285
2,72321,740,-1,5,Excited,Calmed,0,5285
2,72324,740,-1,5,Excited,Calmed,0,5285
2,72326,740,-1,5,Excited,Calmed,0,5285
2,72329,740,-1,5,Excited,Calmed,0,5285
2,72338,740,-1,5,Excited,Calmed,0,5285
2,72341,740,-1,5,Excited,Calmed,0,5285
2,72343,740,-1,5,Excited,Calmed,0,5285
2,72345,740,-1,5,Excited,Calmed,0,5285
2,72355,740,-1,5,Excited,Calmed,0,5285
2,72357,740,-1,5,Excited,Calmed,0,5285
2,72360,740,-1,5,Excited,Calmed,0,5285
2,72362,740,-1,5,Excited,Calmed,0,5285
2,72371,740,-1,5,Excited,Calmed,0,5285
2,72374,740,-1,5,Excited,Calmed,0,5285
2,72376,740,-1,5,Excited,Calmed,0,5285
2,72379,740,-1,5,Excited,Calmed,0,5285
2,72388,740,-1,5,Excited,Calmed,0,5285
2,72391,740,-1,5,Excited,Calmed,0,5285
2,72393,740,-1,5,Excited,Calmed,0,5285
2,72396,740,-1,5,Excited,Calmed,0,5285
2,72405,740,-1,5,Excited,Calmed,0,5285
2,72407,740,-1,5,Excited,Calmed,0,5285
2,72410,740,-1,5,Excited,Calmed,0,5285
2,72412,740,-1,5,Excited,Calmed,0,5285
2,72421,740,0,5,Excited,Calmed,0,5285
2,72424,740,0,5,Excited,Calmed,0,5285
2,72426,740,0,5,Excited,Calmed,0,5285
2,72429,740,0,5,Excited,Calmed,0,5285
2,72438,740,0,5,Excited,Calmed,0,5285
2,72441,740,0,5,Excited,Calmed,0,5285
2,72443,740,0,5,Excited,Calmed,0,5285
2,72445,740,0,5,Excited,Calmed,0,5285
2,72455,740,0,5,Excited,Calmed,0,5285
2,72457,740,0,5,Excited,Calmed,0,5285
2,72460,740,0,5,Excited,Calmed,0,5285
2,72462,740,0,5,Excited,Calmed,0,5285
2,72471,740,0,5,Excited,Calmed,0,5285
2,72474,740,-1,5,Excited,Calmed,0,5285
2,72476,740,-1,5,Excited,Calmed,0,5285
2,72479,740,-1,5,Excited,Calmed,0,5285
2,72488,740,-1,5,Excited,Calmed,0,5285
2,72491,740,-1,5,Excited,Calmed,0,5285
2,72493,740,-1,5,Excited,Calmed,0,5285
2,72495,740,-1,5,Excited,Calmed,0,5285
2,72505,740,-1,5,Excited,Calmed,0,5285
2,72507,740,-1,5,Excited,Calmed,0,5285
2,72510,740,-1,5,Excited,Calmed,0,5285
2,72512,740,-1,5,Excited,Calmed,0,5285
2,72521,740,-1,5,Excited,Calmed,0,5285
2,72524,740,-1,5,Excited,Calmed,0,5285
2,72526,740,-1,5,Excited,Calmed,0,5285
2,72529,740,-1,5,Excited,Calmed,0,5285
2,72538,740,-1,5,Excited,Calmed,0,5285
2,72541,740,-1,5,Excited,Calmed,0,5285
2,72543,740,-1,5,Excited,Calmed,0,5285
2,72545,740,-1,5,Excited,Calmed,0,5285
2,72555,740,-1,5,Excited,Calmed,0,5285
2,72557,740,-1,5,Excited,Calmed,0,5285
2,72560,740,-1,5,Excited,Calmed,0,5285
2,72562,740,-1,5,Excited,Calmed,0,5285
2,72571,740,-1,5,Excited,Calmed,0,5285
2,72574,740,-1,5,Excited,Calmed,0,5285
2,72577,740,-1,5,Excited,Calmed,0,5285
2,72579,740,-1,5,Excited,Calmed,0,5285
2,72588,740,-1,5,Excited,Calmed,0,5285
2,72591,740,-1,5,Excited,Calmed,0,5285
2,72593,740,-1,5,Excited,Calmed,0,5285
2,72595,740,-1,5,Excited,Calmed,0,5285
2,72605,740,-1,5,Excited,Calmed,0,5285
2,72607,740,-1,5,Excited,Calmed,0,5285
2,72610,740,-1,5,Excited,Calmed,0,5285
2,72612,740,-1,5,Excited,Calmed,0,5285
2,72621,740,-1,5,Excited,Calmed,0,5285
2,72624,740,-1,5,Excited,Calmed,0,5285
2,72626,740,-1,5,Excited,Calmed,0,5285
2,72628,740,-1,5,Excited,Calmed,0,5285
2,72638,740,-1,5,Excited,Calmed,0,5285
2,72641,740,-1,5,Excited,Calmed,0,5285
2,72643,740,-1,5,Excited,Calmed,0,5285
2,72645,740,-1,5,Excited,Calmed,0,5285
2,72655,740,-1,5,Excited,Calmed,0,5285
2,72657,740,-1,5,Excited,Calmed,0,5285
2,72660,740,-1,5,Excited,Calmed,0,5285
2,72662,740,-1,5,Excited,Calmed,0,5285
2,72671,740,-1,5,Excited,Calmed,0,5285
2,72674,739,-2,5,Excited,Calmed,0,5285
2,72676,739,-2,5,Excited,Calmed,0,5285
2,72679,739,-2,5,Excited,Calmed,0,5285
2,72688,739,-2,5,Excited,Calmed,0,5285
2,72690,739,-2,5,Excited,Calmed,0,5285
2,72693,739,-2,5,Excited,Calmed,0,5285
2,72695,739,-2,5,Excited,Calmed,0,5285
2,72705,739,-2,5,Excited,Calmed,0,5285
2,72707,739,-2,5,Excited,Calmed,0,5285
2,72710,739,-2,5,Excited,Calmed,0,5285
2,72712,739,-2,5,Excited,Calmed,0,5285
2,72721,739,-2,5,Excited,Calmed,0,5285
2,72724,739,-2,5,Excited,Calmed,0,5285
2,72726,739,-2,5,Excited,Calmed,0,5285
2,72728,739,-2,5,Excited,Calmed,0,5285
2,72738,739,-2,5,Excited,Calmed,0,5285
2,72741,739,-2,5,Excited,Calmed,0,5285
2,72743,739,-2,5,Excited,Calmed,0,5285
2,72745,739,-2,5,Excited,Calmed,0,5285
2,72755,739,-2,5,Excited,Calmed,0,5285
2,72757,739,-2,5,Excited,Calmed,0,5285
2,72760,739,-2,5,Excited,Calmed,0,5285
2,72762,739,-2,5,Excited,Calmed,0,5285
2,72771,739,-2,5,Excited,Calmed,0,5285
2,72774,739,-2,5,Excited,Calmed,0,5285
2,72776,739,-2,5,Excited,Calmed,0,5285
2,72778,739,-2,5,Excited,Calmed,0,5285
2,72788,739,-2,5,Excited,Calmed,0,5285
2,72791,739,-2,5,Excited,Calmed,0,5285
2,72793,739,-2,5,Excited,Calmed,0,5285
2,72796,739,-2,5,Excited,Calmed,0,5285
2,72805,739,-2,5,Excited,Calmed,0,5285
2,72807,739,-2,5,Excited,Calmed,0,5285
2,72809,739,-2,5,Excited,Calmed,0,5285
2,72812,739,-2,5,Excited,Calmed,0,5285
2,72821,739,-2,5,Excited,Calmed,0,5285
2,72824,739,-2,5,Excited,Calmed,0,5285
2,72826,739,-2,5,Excited,Calmed,0,5285
2,72828,739,-2,5,Excited,Calmed,0,5285
2,72838,739,-2,5,Excited,Calmed,0,5285
2,72841,739,-2,5,Excited,Calmed,0,5285
2,72844,739,-2,5,Excited,Calmed,0,5285
2,72846,739,-2,5,Excited,Calmed,0,5285
2,72855,739,-2,5,Excited,Calmed,0,5285
2,72857,739,-2,5,Excited,Calmed,0,5285
2,72860,739,-2,5,Excited,Calmed,0,5285
2,72862,739,-2,5,Excited,Calmed,0,5285
2,72871,739,-2,5,Excited,Calmed,0,5285
2,72874,739,-2,5,Excited,Calmed,0,5285
2,72876,739,-2,5,Excited,Calmed,0,5285
2,72879,739,-2,5,Excited,Calmed,0,5285
2,72888,739,-2,5,Excited,Calmed,0,5285
2,72890,739,-2,5,Excited,Calmed,0,5285
2,72893,739,-2,5,Excited,Calmed,0,5285
2,72895,739,-2,5,Excited,Calmed,0,5285
2,72905,739,-2,5,Excited,Calmed,0,5285
2,72908,739,-2,5,Excited,Calmed,0,5285
2,72910,739,-2,5,Excited,Calmed,0,5285
2,72913,739,-2,5,Excited,Calmed,0,5285
2,72922,739,-2,5,Excited,Calmed,0,5285
2,72924,739,-2,5,Excited,Calmed,0,5285
2,72927,739,-2,5,Excited,Calmed,0,5285
2,72929,739,-2,5,Excited,Calmed,0,5285
2,72938,739,-2,5,Excited,Calmed,0,5285
2,72941,739,-2,5,Excited,Calmed,0,5285
2,72943,739,-2,5,Excited,Calmed,0,5285
2,72945,739,-2,5,Excited,Calmed,0,5285
2,72955,739,-2,5,Excited,Calmed,0,5285
2,72958,739,-2,5,Excited,Calmed,0,5285
2,72961,739,-2,5,Excited,Calmed,0,5285
2,72974,739,-2,5,Excited,Calmed,0,5285
2,72977,739,-2,5,Excited,Calmed,0,5285
2,72980,739,-2,5,Excited,Calmed,0,5285
2,72989,739,-2,5,Excited,Calmed,0,5285
2,72993,739,-2,5,Excited,Calmed,0,5285
2,72996,739,-2,5,Excited,Calmed,0,5285
2,73006,739,-2,5,Excited,Calmed,0,5285
2,73009,739,-2,5,Excited,Calmed,0,5285
2,73012,739,-2,5,Excited,Calmed,0,5285
2,73022,739,-2,5,Excited,Calmed,0,5285
2,73025,739,-2,5,Excited,Calmed,0,5285
2,73027,739,-2,5,Excited,Calmed,0,5285
2,73038,739,-2,5,Excited,Calmed,0,5285
2,73041,739,-2,5,Excited,Calmed,0,5285
2,73043,739,-2,5,Excited,Calmed,0,5285
2,73046,739,-2,5,Excited,Calmed,0,5285
2,73055,739,-2,5,Excited,Calmed,0,5285
2,73057,739,-2,5,Excited,Calmed,0,5285
2,73060,739,-2,5,Excited,Calmed,0,5285
2,73062,739,-2,5,Excited,Calmed,0,5285
2,73071,739,-2,5,Excited,Calmed,0,5285
2,73074,739,-2,5,Excited,Calmed,0,5285
2,73077,739,-2,5,Excited,Calmed,0,5285
2,73079,739,-2,5,Excited,Calmed,0,5285
2,73088,738,-3,5,Excited,Calmed,0,5285
2,73091,738,-3,5,Excited,Calmed,0,5285
2,73093,738,-3,5,Excited,Calmed,0,5285
2,73096,738,-3,5,Excited,Calmed,0,5285
2,73105,738,-3,5,Excited,Calmed,0,5285
2,73107,738,-3,5,Excited,Calmed,0,5285
2,73110,738,-3,5,Excited,Calmed,0,5285
2,73112,738,-3,5,Excited,Calmed,0,5285
2,73121,738,-3,5,Excited,Calmed,0,5285
2,73124,738,-3,5,Excited,Calmed,0,5285
2,73126,738,-3,5,Excited,Calmed,0,5285
2,73129,738,-3,5,Excited,Calmed,0,5285
2,73138,738,-3,5,Excited,Calmed,0,5285
2,73141,738,-3,5,Excited,Calmed,0,5285
2,73143,738,-3,5,Excited,Calmed,0,5285
2,73145,738,-3,5,Excited,Calmed,0,5285
2,73155,738,-3,5,Excited,Calmed,0,5285
2,73157,738,-3,5,Excited,Calmed,0,5285
2,73160,738,-3,5,Excited,Calmed,0,5285
2,73162,738,-3,5,Excited,Calmed,0,5285
2,73171,738,-3,5,Excited,Calmed,0,5285
2,73174,738,-3,5,Excited,Calmed,0,5285
2,73176,738,-3,5,Excited,Calmed,0,5285
2,73179,738,-3,5,Excited,Calmed,0,5285
2,73188,738,-3,5,Excited,Calmed,0,5285
2,73191,738,-3,5,Excited,Calmed,0,5285
2,73193,738,-3,5,Excited,Calmed,0,5285
2,73195,738,-3,5,Excited,Calmed,0,5285
2,73205,738,-3,5,Excited,Calmed,0,5285
2,73207,738,-3,5,Excited,Calmed,0,5285
2,73210,738,-3,5,Excited,Calmed,0,5285
2,73212,738,-3,5,Excited,Calmed,0,5285
2,73221,738,-3,5,Excited,Calmed,0,5285
2,73224,738,-3,5,Excited,Calmed,0,5285
2,73226,738,-3,5,Excited,Calmed,0,5285
2,73229,738,-3,5,Excited,Calmed,0,5285
2,73238,738,-3,5,Excited,Calmed,0,5285
2,73240,738,-3,5,Excited,Calmed,0,5285
2,73243,738,-3,5,Excited,Calmed,0,5285
2,73245,738,-3,5,Excited,Calmed,0,5285
2,73255,738,-3,5,Excited,Calmed,0,5285
2,73257,738,-3,5,Excited,Calmed,0,5285
2,73260,738,-3,5,Excited,Calmed,0,5285
2,73262,738,-3,5,Excited,Calmed,0,5285
2,73271,738,-3,5,Excited,Calmed,0,5285
2,73274,738,-3,5,Excited,Calmed,0,5285
2,73276,738,-3,5,Excited,Calmed,0,5285
2,73279,738,-3,5,Excited,Calmed,0,5285
2,73288,738,-3,5,Excited,Calmed,0,5285
2,73290,738,-3,5,Excited,Calmed,0,5285
2,73293,738,-3,5,Excited,Calmed,0,5285
2,73295,738,-3,5,Excited,Calmed,0,5285
2,73305,738,-3,5,Excited,Calmed,0,5285
2,73307,738,-3,5,Excited,Calmed,0,5285
2,73310,738,-3,5,Excited,Calmed,0,5285
2,73312,738,-3,5,Excited,Calmed,0,5285
2,73321,738,-3,5,Excited,Calmed,0,5285
2,73324,738,-3,5,Excited,Calmed,0,5285
2,73326,738,-3,5,Excited,Calmed,0,5285
2,73329,738,-3,5,Excited,Calmed,0,5285
2,73338,738,-3,5,Excited,Calmed,0,5285
2,73341,737,-4,5,Excited,Calmed,0,5285
2,73343,737,-4,5,Excited,Calmed,0,5285
2,73345,737,-4,5,Excited,Calmed,0,5285
2,73355,737,-4,5,Excited,Calmed,0,5285
2,73357,737,-4,5,Excited,Calmed,0,5285
2,73359,737,-4,5,Excited,Calmed,0,5285
2,73362,737,-4,5,Excited,Calmed,0,5285
2,73371,737,-4,5,Excited,Calmed,0,5285
2,73374,737,-4,5,Excited,Calmed,0,5285
2,73376,737,-4,5,Excited,Calmed,0,5285
2,73379,737,-4,5,Excited,Calmed,0,5285
2,73388,737,-4,5,Excited,Calmed,0,5285
2,73391,737,-4,5,Excited,Calmed,0,5285
2,73393,737,-4,5,Excited,Calmed,0,5285
2,73395,737,-4,5,Excited,Calmed,0,5285
2,73405,737,-4,5,Excited,Calmed,0,5285
2,73407,737,-4,5,Excited,Calmed,0,5285
2,73410,737,-4,5,Excited,Calmed,0,5285
2,73412,737,-4,5,Excited,Calmed,0,5285
2,73421,737,-4,5,Excited,Calmed,0,5285
2,73424,737,-4,5,Excited,Calmed,0,5285
2,73426,737,-4,5,Excited,Calmed,0,5285
2,73429,737,-4,5,Excited,Calmed,0,5285
2,73438,737,-4,5,Excited,Calmed,0,5285
2,73441,737,-4,5,Excited,Calmed,0,5285
2,73443,737,-4,5,Excited,Calmed,0,5285
2,73445,737,-4,5,Excited,Calmed,0,5285
2,73455,737,-4,5,Excited,Calmed,0,5285
2,73457,737,-4,5,Excited,Calmed,0,5285
2,73459,737,-4,5,Excited,Calmed,0,5285
2,73462,737,-4,5,Excited,Calmed,0,5285
2,73471,737,-4,5,Excited,Calmed,0,5285
2,73474,737,-4,5,Excited,Calmed,0,5285
2,73476,737,-4,5,Excited,Calmed,0,5285
2,73479,737,-4,5,Excited,Calmed,0,5285
2,73488,737,-4,5,Excited,Calmed,0,5285
2,73491,736,-5,5,Excited,Calmed,0,5285
2,73493,736,-5,5,Excited,Calmed,0,5285
2,73495,736,-5,5,Excited,Calmed,0,5285
2,73505,736,-5,5,Excited,Calmed,0,5285
2,73507,736,-5,5,Excited,Calmed,0,5285
2,73510,736,-5,5,Excited,Calmed,0,5285
2,73512,736,-5,5,Excited,Calmed,0,5285
2,73521,736,-5,5,Excited,Calmed,0,5285
2,73524,736,-5,5,Excited,Calmed,0,5285
2,73526,736,-5,5,Excited,Calmed,0,5285
2,73529,736,-5,5,Excited,Calmed,0,5285
2,73538,736,-5,5,Excited,Calmed,0,5285
2,73541,736,-5,5,Excited,Calmed,0,5285
2,73543,736,-5,5,Excited,Calmed,0,5285
2,73545,736,-5,5,Excited,Calmed,0,5285
2,73555,736,-5,5,Excited,Calmed,0,5285
2,73557,736,-5,5,Excited,Calmed,0,5285
2,73560,736,-5,5,Excited,Calmed,0,5285
2,73562,736,-5,5,Excited,Calmed,0,5285
2,73571,736,-5,5,Excited,Calmed,0,5285
2,73574,736,-5,5,Excited,Calmed,0,5285
2,73577,736,-5,5,Excited,Calmed,0,5285
2,73579,736,-5,5,Excited,Calmed,0,5285
2,73588,736,-5,5,Excited,Calmed,0,5285
2,73590,736,-5,5,Excited,Calmed,0,5285
2,73593,736,-5,5,Excited,Calmed,0,5285
2,73595,736,-5,5,Excited,Calmed,0,5285
2,73605,736,-5,5,Excited,Calmed,0,5285
2,73607,736,-5,5,Excited,Calmed,0,5285
2,73610,736,-5,5,Excited,Calmed,0,5285
2,73612,736,-5,5,Excited,Calmed,0,5285
2,73621,736,-5,5,Excited,Calmed,0,5285
2,73624,736,-5,5,Excited,Calmed,0,5285
2,73626,736,-5,5,Excited,Calmed,0,5285
2,73629,736,-5,5,Excited,Calmed,0,5285
2,73638,736,-5,5,Excited,Calmed,0,5285
2,73641,736,-5,5,Excited,Calmed,0,5285
2,73643,736,-5,5,Excited,Calmed,0,5285
2,73645,736,-5,5,Excited,Calmed,0,5285
2,73655,736,-5,5,Excited,Calmed,0,5285
2,73657,736,-5,5,Excited,Calmed,0,5285
2,73660,736,-5,5,Excited,Calmed,0,5285
2,73662,736,-5,5,Excited,Calmed,0,5285
2,73671,736,-5,5,Excited,Calmed,0,5285
2,73674,736,-5,5,Excited,Calmed,0,5285
2,73676,736,-5,5,Excited,Calmed,0,5285
2,73679,736,-5,5,Excited,Calmed,0,5285
2,73688,736,-5,5,Excited,Calmed,0,5285
2,73690,736,-5,5,Excited,Calmed,0,5285
2,73693,736,-5,5,Excited,Calmed,0,5285
2,73695,736,-4,5,Excited,Calmed,0,5285
2,73705,736,-4,5,Excited,Calmed,0,5285
2,73707,736,-4,5,Excited,Calmed,0,5285
2,73710,736,-4,5,Excited,Calmed,0,5285
2,73712,736,-4,5,Excited,Calmed,0,5285
2,73721,736,-4,5,Excited,Calmed,0,5285
2,73724,736,-4,5,Excited,Calmed,0,5285
2,73726,736,-4,5,Excited,Calmed,0,5285
2,73729,736,-4,5,Excited,Calmed,0,5285
2,73738,736,-4,5,Excited,Calmed,0,5285
2,73741,736,-4,5,Excited,Calmed,0,5285
2,73743,736,-4,5,Excited,Calmed,0,5285
2,73745,736,-4,5,Excited,Calmed,0,5285
2,73755,736,-4,5,Excited,Calmed,0,5285
2,73757,735,-5,5,Excited,Calmed,0,5285
2,73760,735,-5,5,Excited,Calmed,0,5285
2,73762,735,-5,5,Excited,Calmed,0,5285
2,73771,735,-5,5,Excited,Calmed,0,5285
2,73774,735,-5,5,Excited,Calmed,0,5285
2,73776,735,-5,5,Excited,Calmed,0,5285
2,73779,735,-5,5,Excited,Calmed,0,5285
2,73788,735,-5,5,Excited,Calmed,0,5285
2,73791,735,-5,5,Excited,Calmed,0,5285
2,73793,735,-5,5,Excited,Calmed,0,5285
2,73795,735,-5,5,Excited,Calmed,0,5285
2,73805,735,-5,5,Excited,Calmed,0,5285
2,73808,735,-6,5,Excited,Excited,100,5286
2,73810,735,-6,5,Excited,Excited,100,5287
2,73812,735,-6,5,Excited,Excited,100,5288
2,73821,735,-6,5,Excited,Excited,100,5289
2,73824,735,-6,5,Excited,Excited,100,5290
2,73826,735,-6,5,Excited,Excited,100,5291
2,73828,735,-6,5,Excited,Excited,100,5292
2,73838,735,-6,5,Excited,Excited,100,5293
2,73841,735,-6,5,Excited,Excited,100,5294
2,73843,735,-6,5,Excited,Excited,100,5295
2,73846,735,-6,5,Excited,Excited,100,5296
2,73855,735,-6,5,Excited,Excited,100,5297
2,73857,735,-6,5,Excited,Excited,100,5298
2,73860,735,-6,5,Excited,Excited,100,5299
2,73862,735,-6,5,Excited,Excited,100,5300
2,73871,735,-6,5,Excited,Excited,100,5301
2,73874,735,-6,5,Excited,Excited,100,5302
2,73876,735,-6,5,Excited,Excited,100,5303
2,73879,735,-6,5,Excited,Excited,100,5304
2,73888,735,-6,5,Excited,Excited,100,5305
2,73891,735,-6,5,Excited,Excited,100,5306
2,73893,735,-6,5,Excited,Excited,100,5307
2,73896,735,-6,5,Excited,Excited,100,5308
2,73905,735,-6,5,Excited,Excited,100,5309
2,73907,735,-6,5,Excited,Excited,100,5310
2,73909,735,-6,5,Excited,Excited,100,5311
2,73912,735,-6,5,Excited,Excited,100,5312
2,73921,735,-6,5,Excited,Excited,100,5313
2,73924,735,-6,5,Excited,Excited,100,5314
2,73926,735,-6,5,Excited,Excited,100,5315
2,73929,735,-6,5,Excited,Excited,100,5316
2,73938,735,-6,5,Excited,Excited,100,5317
2,73941,735,-6,5,Excited,Excited,100,5318
2,73943,735,-6,5,Excited,Excited,100,5319
2,73946,735,-6,5,Excited,Excited,100,5320
2,73955,735,-6,5,Excited,Excited,100,5321
2,73957,735,-6,5,Excited,Excited,100,5322
2,73960,735,-6,5,Excited,Excited,100,5323
2,73962,735,-6,5,Excited,Excited,100,5324
2,73971,735,-6,5,Excited,Excited,100,5325
2,73974,735,-6,5,Excited,Excited,100,5326
2,73976,735,-6,5,Excited,Excited,100,5327
2,73979,735,-6,5,Excited,Excited,100,5328
2,73988,735,-6,5,Excited,Excited,100,5329
2,73991,735,-6,5,Excited,Excited,100,5330
2,73993,735,-6,5,Excited,Excited,100,5331
2,73995,735,-6,5,Excited,Excited,100,5332
2,74005,735,-6,5,Excited,Excited,100,5333
2,74007,734,-7,5,Excited,Excited,100,5334
2,74010,734,-7,5,Excited,Excited,100,5335
2,74012,734,-7,5,Excited,Excited,100,5336
2,74021,734,-7,5,Excited,Excited,100,5337
2,74024,734,-7,5,Excited,Excited,100,5338
2,74026,734,-7,5,Excited,Excited,100,5339
2,74029,734,-7,5,Excited,Excited,100,5340
2,74038,734,-7,5,Excited,Excited,100,5341
2,74041,734,-7,5,Excited,Excited,100,5342
2,74043,734,-7,5,Excited,Excited,100,5343
2,74045,734,-7,5,Excited,Excited,100,5344
2,74055,734,-7,5,Excited,Excited,100,5345
2,74057,734,-7,5,Excited,Excited,100,5346
2,74060,734,-7,5,Excited,Excited,100,5347
2,74062,734,-7,5,Excited,Excited,100,5348
2,74071,734,-7,5,Excited,Excited,100,5349
2,74074,734,-7,5,Excited,Excited,100,5350
2,74076,734,-7,5,Excited,Excited,100,5351
2,74079,734,-7,5,Excited,Excited,100,5352
2,74088,734,-7,5,Excited,Excited,100,5353
2,74091,734,-7,5,Excited,Excited,100,5354
2,74093,734,-7,5,Excited,Excited,100,5355
2,74095,734,-7,5,Excited,Excited,100,5356
2,74105,734,-7,5,Excited,Excited,100,5357
2,74107,734,-7,5,Excited,Excited,100,5358
2,74110,734,-7,5,Excited,Excited,100,5359
2,74113,734,-7,5,Excited,Excited,100,5360
2,74121,734,-7,5,Excited,Excited,100,5361
2,74124,734,-7,5,Excited,Excited,100,5362
2,74127,734,-7,5,Excited,Excited,100,5363
2,74129,734,-7,5,Excited,Excited,100,5364
2,74138,734,-7,5,Excited,Excited,100,5365
2,74141,734,-7,5,Excited,Excited,100,5366
2,74143,734,-7,5,Excited,Excited,100,5367
2,74145,734,-7,5,Excited,Excited,100,5368
2,74155,734,-7,5,Excited,Excited,100,5369
2,74157,734,-7,5,Excited,Excited,100,5370
2,74160,734,-7,5,Excited,Excited,100,5371
2,74162,734,-7,5,Excited,Excited,100,5372
2,74171,734,-7,5,Excited,Excited,100,5373
2,74174,734,-7,5,Excited,Excited,100,5374
2,74176,734,-7,5,Excited,Excited,100,5375
2,74179,734,-7,5,Excited,Excited,100,5376
2,74188,734,-7,5,Excited,Excited,100,5377
2,74191,734,-7,5,Excited,Excited,100,5378
2,74193,734,-7,5,Excited,Excited,100,5379
2,74195,734,-7,5,Excited,Excited,100,5380
2,74205,734,-7,5,Excited,Excited,100,5381
2,74207,734,-7,5,Excited,Excited,100,5382
2,74210,734,-7,5,Excited,Excited,100,5383
2,74212,734,-7,5,Excited,Excited,100,5384
2,74221,734,-7,5,Excited,Excited,100,5385
2,74224,734,-7,5,Excited,Excited,100,5386
2,74226,734,-7,5,Excited,Excited,100,5387
2,74229,734,-7,5,Excited,Excited,100,5388
2,74238,734,-7,5,Excited,Excited,100,5389
2,74241,734,-7,5,Excited,Excited,100,5390
2,74243,734,-7,5,Excited,Excited,100,5391
2,74245,734,-7,5,Excited,Excited,100,5392
2,74255,734,-7,5,Excited,Excited,100,5393
2,74257,734,-7,5,Excited,Excited,100,5394
2,74260,734,-7,5,Excited,Excited,100,5395
2,74263,734,-6,5,Excited,Excited,100,5396
2,74271,734,-6,5,Excited,Excited,100,5397
2,74274,734,-6,5,Excited,Excited,100,5398
2,74276,734,-6,5,Excited,Excited,100,5399
2,74279,734,-6,5,Excited,Excited,100,5400
2,74288,734,-6,5,Excited,Excited,100,5401
2,74291,734,-6,5,Excited,Excited,100,5402
2,74293,734,-6,5,Excited,Excited,100,5403
2,74296,734,-6,5,Excited,Excited,100,5404
2,74305,734,-6,5,Excited,Excited,100,5405
2,74307,734,-6,5,Excited,Excited,100,5406
2,74310,734,-6,5,Excited,Excited,100,5407
2,74312,734,-6,5,Excited,Excited,100,5408
2,74321,733,-8,5,Excited,Excited,100,5409
2,74324,733,-8,5,Excited,Excited,100,5410
2,74326,733,-8,5,Excited,Excited,100,5411
2,74329,733,-8,5,Excited,Excited,100,5412
2,74338,733,-8,5,Excited,Excited,100,5413
2,74341,733,-8,5,Excited,Excited,100,5414
2,74343,733,-8,5,Excited,Excited,100,5415
2,74346,733,-8,5,Excited,Excited,100,5416
2,74355,733,-8,5,Excited,Excited,100,5417
2,74357,733,-8,5,Excited,Excited,100,5418
2,74360,733,-8,5,Excited,Excited,100,5419
2,74362,733,-8,5,Excited,Excited,100,5420
2,74371,733,-7,5,Excited,Excited,100,5421
2,74374,733,-7,5,Excited,Excited,100,5422
2,74376,733,-7,5,Excited,Excited,100,5423
2,74379,733,-7,5,Excited,Excited,100,5424
2,74388,733,-7,5,Excited,Excited,100,5425
2,74391,733,-7,5,Excited,Excited,100,5426
2,74393,733,-7,5,Excited,Excited,100,5427
2,74396,733,-7,5,Excited,Excited,100,5428
2,74405,733,-7,5,Excited,Excited,100,5429
2,74407,733,-7,5,Excited,Excited,100,5430
2,74410,733,-7,5,Excited,Excited,100,5431
2,74412,733,-7,5,Excited,Excited,100,5432
2,74421,733,-7,5,Excited,Excited,100,5433
2,74424,733,-7,5,Excited,Excited,100,5434
2,74426,733,-7,5,Excited,Excited,100,5435
2,74429,733,-7,5,Excited,Excited,100,5436
2,74438,733,-7,5,Excited,Excited,100,5437
2,74441,733,-7,5,Excited,Excited,100,5438
2,74443,733,-7,5,Excited,Excited,100,5439
2,74446,733,-7,5,Excited,Excited,100,5440
2,74455,733,-7,5,Excited,Excited,100,5441
2,74457,733,-7,5,Excited,Excited,100,5442
2,74460,733,-7,5,Excited,Excited,100,5443
2,74462,733,-7,5,Excited,Excited,100,5444
2,74471,733,-7,5,Excited,Excited,100,5445
2,74474,733,-8,5,Excited,Excited,100,5446
2,74476,733,-8,5,Excited,Excited,100,5447
2,74479,733,-8,5,Excited,Excited,100,5448
2,74488,733,-8,5,Excited,Excited,100,5449
2,74491,733,-8,5,Excited,Excited,100,5450
2,74493,733,-8,5,Excited,Excited,100,5451
2,74496,733,-8,5,Excited,Excited,100,5452
2,74505,733,-8,5,Excited,Excited,100,5453
2,74507,733,-8,5,Excited,Excited,100,5454
2,74510,733,-8,5,Excited,Excited,100,5455
2,74513,733,-8,5,Excited,Excited,100,5456
2,74521,733,-8,5,Excited,Excited,100,5457
2,74524,733,-7,5,Excited,Excited,100,5458
2,74526,733,-7,5,Excited,Excited,100,5459
2,74529,733,-7,5,Excited,Excited,100,5460
2,74538,733,-7,5,Excited,Excited,100,5461
2,74541,733,-7,5,Excited,Excited,100,5462
2,74543,733,-7,5,Excited,Excited,100,5463
2,74546,733,-7,5,Excited,Excited,100,5464
2,74555,733,-7,5,Excited,Excited,100,5465
2,74557,733,-7,5,Excited,Excited,100,5466
2,74560,733,-7,5,Excited,Excited,100,5467
2,74563,733,-7,5,Excited,Excited,100,5468
2,74571,733,-7,5,Excited,Excited,100,5469
2,74574,732,-8,5,Excited,Excited,100,5470
2,74576,732,-8,5,Excited,Excited,100,5471
2,74579,732,-8,5,Excited,Excited,100,5472
2,74588,732,-8,5,Excited,Excited,100,5473
2,74591,732,-8,5,Excited,Excited,100,5474
2,74593,732,-8,5,Excited,Excited,100,5475
2,74596,732,-8,5,Excited,Excited,100,5476
2,74605,732,-8,5,Excited,Excited,100,5477
2,74607,732,-8,5,Excited,Excited,100,5478
2,74610,732,-8,5,Excited,Excited,100,5479
2,74612,732,-8,5,Excited,Excited,100,5480
2,74621,732,-8,5,Excited,Excited,100,5481
2,74624,732,-8,5,Excited,Excited,100,5482
2,74626,732,-8,5,Excited,Excited,100,5483
2,74629,732,-8,5,Excited,Excited,100,5484
2,74638,732,-8,5,Excited,Excited,100,5485
2,74641,732,-8,5,Excited,Excited,100,5486
2,74643,732,-8,5,Excited,Excited,100,5487
2,74646,732,-8,5,Excited,Excited,100,5488
2,74655,732,-8,5,Excited,Excited,100,5489
2,74657,732,-8,5,Excited,Excited,100,5490
2,74660,732,-8,5,Excited,Excited,100,5491
2,74662,732,-8,5,Excited,Excited,100,5492
2,74671,732,-8,5,Excited,Excited,100,5493
2,74674,732,-8,5,Excited,Excited,100,5494
2,74676,732,-8,5,Excited,Excited,100,5495
2,74679,732,-8,5,Excited,Excited,100,5496
2,74688,732,-8,5,Excited,Excited,100,5497
2,74691,732,-8,5,Excited,Excited,100,5498
2,74693,732,-8,5,Excited,Excited,100,5499
2,74695,732,-8,5,Excited,Excited,100,5500
2,74705,732,-8,5,Excited,Excited,100,5501
2,74707,732,-8,5,Excited,Excited,100,5502
2,74710,732,-8,5,Excited,Excited,100,5503
2,74712,732,-8,5,Excited,Excited,100,5504
2,74721,732,-8,5,Excited,Excited,100,5505
2,74724,732,-8,5,Excited,Excited,100,5506
2,74726,732,-8,5,Excited,Excited,100,5507
2,74728,732,-8,5,Excited,Excited,100,5508
2,74738,732,-8,5,Excited,Excited,100,5509
2,74740,732,-8,5,Excited,Excited,100,5510
2,74743,732,-8,5,Excited,Excited,100,5511
2,74745,732,-8,5,Excited,Excited,100,5512
2,74755,732,-8,5,Excited,Excited,100,5513
2,74757,732,-8,5,Excited,Excited,100,5514
2,74760,732,-8,5,Excited,Excited,100,5515
2,74762,732,-8,5,Excited,Excited,100,5516
2,74771,732,-8,5,Excited,Excited,100,5517
2,74774,732,-8,5,Excited,Excited,100,5518
2,74776,732,-8,5,Excited,Excited,100,5519
2,74778,732,-8,5,Excited,Excited,100,5520
2,74788,732,-8,5,Excited,Excited,100,5521
2,74791,732,-8,5,Excited,Excited,100,5522
2,74793,732,-8,5,Excited,Excited,100,5523
2,74795,732,-8,5,Excited,Excited,100,5524
2,74805,732,-8,5,Excited,Excited,100,5525
2,74807,732,-8,5,Excited,Excited,100,5526
2,74810,732,-8,5,Excited,Excited,100,5527
2,74812,732,-8,5,Excited,Excited,100,5528
2,74821,732,-8,5,Excited,Excited,100,5529
2,74824,732,-8,5,Excited,Excited,100,5530
2,74826,732,-8,5,Excited,Excited,100,5531
2,74829,732,-8,5,Excited,Excited,100,5532
2,74838,732,-8,5,Excited,Excited,100,5533
2,74841,732,-8,5,Excited,Excited,100,5534
2,74843,732,-8,5,Excited,Excited,100,5535
2,74845,732,-8,5,Excited,Excited,100,5536
2,74855,732,-8,5,Excited,Excited,100,5537
2,74857,732,-8,5,Excited,Excited,100,5538
2,74860,732,-8,5,Excited,Excited,100,5539
2,74862,732,-8,5,Excited,Excited,100,5540
2,74871,732,-8,5,Excited,Excited,100,5541
2,74874,732,-8,5,Excited,Excited,100,5542
2,74876,732,-8,5,Excited,Excited,100,5543
2,74879,732,-8,5,Excited,Excited,100,5544
2,74888,732,-8,5,Excited,Excited,100,5545
2,74891,732,-8,5,Excited,Excited,100,5546
2,74893,732,-8,5,Excited,Excited,100,5547
2,74895,732,-8,5,Excited,Excited,100,5548
2,74905,732,-8,5,Excited,Excited,100,5549
2,74907,732,-8,5,Excited,Excited,100,5550
2,74910,732,-8,5,Excited,Excited,100,5551
2,74912,732,-8,5,Excited,Excited,100,5552
2,74921,732,-8,5,Excited,Excited,100,5553
2,74924,732,-8,5,Excited,Excited,100,5554
2,74926,732,-8,5,Excited,Excited,100,5555
2,74929,732,-8,5,Excited,Excited,100,5556
2,74938,732,-8,5,Excited,Excited,100,5557
2,74941,732,-8,5,Excited,Excited,100,5558
2,74943,732,-8,5,Excited,Excited,100,5559
2,74946,732,-8,5,Excited,Excited,100,5560
2,74955,732,-8,5,Excited,Excited,100,5561
2,74957,732,-8,5,Excited,Excited,100,5562
2,74960,732,-8,5,Excited,Excited,100,5563
2,74962,732,-8,5,Excited,Excited,100,5564
2,74971,732,-8,5,Excited,Excited,100,5565
2,74974,732,-8,5,Excited,Excited,100,5566
2,74976,732,-8,5,Excited,Excited,100,5567
2,74979,732,-8,5,Excited,Excited,100,5568
2,74988,731,-9,5,Excited,Excited,100,5569
2,74991,731,-9,5,Excited,Excited,100,5570
2,74993,731,-9,5,Excited,Excited,100,5571
2,74996,731,-9,5,Excited,Excited,100,5572
2,75005,731,-9,5,Excited,Excited,100,5573
2,75007,731,-9,5,Excited,Excited,100,5574
2,75010,731,-9,5,Excited,Excited,100,5575
2,75012,731,-9,5,Excited,Excited,100,5576
2,75021,731,-9,5,Excited,Excited,100,5577
2,75024,731,-9,5,Excited,Excited,100,5578
2,75026,731,-9,5,Excited,Excited,100,5579
2,75029,731,-9,5,Excited,Excited,100,5580
2,75038,731,-9,5,Excited,Excited,100,5581
2,75041,731,-9,5,Excited,Excited,100,5582
2,75043,731,-9,5,Excited,Excited,100,5583
2,75045,731,-9,5,Excited,Excited,100,5584
2,75055,731,-9,5,Excited,Excited,100,5585
2,75057,731,-9,5,Excited,Excited,100,5586
2,75060,731,-9,5,Excited,Excited,100,5587
2,75062,731,-9,5,Excited,Excited,100,5588
2,75071,731,-9,5,Excited,Excited,100,5589
2,75074,731,-9,5,Excited,Excited,100,5590
2,75077,731,-9,5,Excited,Excited,100,5591
2,75079,731,-9,5,Excited,Excited,100,5592
2,75088,731,-9,5,Excited,Excited,100,5593
2,75091,731,-9,5,Excited,Excited,100,5594
2,75093,731,-9,5,Excited,Excited,100,5595
2,75096,731,-9,5,Excited,Excited,100,5596
2,75105,731,-9,5,Excited,Excited,100,5597
2,75107,731,-9,5,Excited,Excited,100,5598
2,75110,731,-9,5,Excited,Excited,100,5599
2,75113,731,-9,5,Excited,Excited,100,5600
2,75121,731,-9,5,Excited,Excited,100,5601
2,75124,731,-9,5,Excited,Excited,100,5602
2,75126,731,-9,5,Excited,Excited,100,5603
2,75129,731,-9,5,Excited,Excited,100,5604
2,75138,731,-9,5,Excited,Excited,100,5605
2,75140,731,-9,5,Excited,Excited,100,5606
2,75143,731,-9,5,Excited,Excited,100,5607
2,75145,731,-9,5,Excited,Excited,100,5608
2,75155,731,-9,5,Excited,Excited,100,5609
2,75157,731,-9,5,Excited,Excited,100,5610
2,75160,731,-9,5,Excited,Excited,100,5611
2,75162,731,-9,5,Excited,Excited,100,5612
2,75171,731,-9,5,Excited,Excited,100,5613
2,75174,731,-9,5,Excited,Excited,100,5614
2,75176,731,-9,5,Excited,Excited,100,5615
2,75179,731,-9,5,Excited,Excited,100,5616
2,75188,731,-9,5,Excited,Excited,100,5617
2,75190,731,-8,5,Excited,Excited,100,5618
2,75193,731,-8,5,Excited,Excited,100,5619
2,75195,731,-8,5,Excited,Excited,100,5620
2,75205,731,-8,5,Excited,Excited,100,5621
2,75207,731,-8,5,Excited,Excited,100,5622
2,75210,731,-8,5,Excited,Excited,100,5623
2,75212,731,-8,5,Excited,Excited,100,5624
2,75221,731,-8,5,Excited,Excited,100,5625
2,75224,731,-8,5,Excited,Excited,100,5626
2,75226,731,-8,5,Excited,Excited,100,5627
2,75229,731,-8,5,Excited,Excited,100,5628
2,75238,731,-8,5,Excited,Excited,100,5629
2,75241,731,-8,5,Excited,Excited,100,5630
2,75243,731,-8,5,Excited,Excited,100,5631
2,75245,731,-8,5,Excited,Excited,100,5632
2,75255,731,-8,5,Excited,Excited,100,5633
2,75257,731,-8,5,Excited,Excited,100,5634
2,75260,731,-8,5,Excited,Excited,100,5635
2,75262,731,-8,5,Excited,Excited,100,5636
2,75271,731,-8,5,Excited,Excited,100,5637
2,75274,731,-8,5,Excited,Excited,100,5638
2,75277,731,-8,5,Excited,Excited,100,5639
2,75279,731,-8,5,Excited,Excited,100,5640
2,75288,731,-8,5,Excited,Excited,100,5641
2,75291,731,-8,5,Excited,Excited,100,5642
2,75293,731,-8,5,Excited,Excited,100,5643
2,75295,731,-8,5,Excited,Excited,100,5644
2,75305,731,-8,5,Excited,Excited,100,5645
2,75307,731,-8,5,Excited,Excited,100,5646
2,75310,731,-8,5,Excited,Excited,100,5647
2,75312,731,-8,5,Excited,Excited,100,5648
2,75321,731,-8,5,Excited,Excited,100,5649
2,75324,731,-8,5,Excited,Excited,100,5650
2,75326,731,-8,5,Excited,Excited,100,5651
2,75329,731,-8,5,Excited,Excited,100,5652
2,75338,731,-8,5,Excited,Excited,100,5653
2,75341,731,-8,5,Excited,Excited,100,5654
2,75343,731,-8,5,Excited,Excited,100,5655
2,75345,731,-8,5,Excited,Excited,100,5656
2,75355,731,-8,5,Excited,Excited,100,5657
2,75357,731,-8,5,Excited,Excited,100,5658
2,75360,731,-8,5,Excited,Excited,100,5659
2,75362,731,-8,5,Excited,Excited,100,5660
2,75371,731,-8,5,Excited,Excited,100,5661
2,75374,731,-8,5,Excited,Excited,100,5662
2,75376,731,-8,5,Excited,Excited,100,5663
2,75379,731,-8,5,Excited,Excited,100,5664
2,75388,731,-8,5,Excited,Excited,100,5665
2,75391,731,-8,5,Excited,Excited,100,5666
2,75393,731,-8,5,Excited,Excited,100,5667
2,75395,731,-8,5,Excited,Excited,100,5668
2,75405,731,-8,5,Excited,Excited,100,5669
2,75407,731,-8,5,Excited,Excited,100,5670
2,75410,731,-8,5,Excited,Excited,100,5671
2,75412,731,-8,5,Excited,Excited,100,5672
2,75421,731,-8,5,Excited,Excited,100,5673
2,75424,731,-8,5,Excited,Excited,100,5674
2,75426,731,-8,5,Excited,Excited,100,5675
2,75429,731,-8,5,Excited,Excited,100,5676
2,75438,731,-8,5,Excited,Excited,100,5677
2,75441,731,-8,5,Excited,Excited,100,5678
2,75443,731,-8,5,Excited,Excited,100,5679
2,75445,731,-8,5,Excited,Excited,100,5680
2,75455,731,-8,5,Excited,Excited,100,5681
2,75457,731,-8,5,Excited,Excited,100,5682
2,75460,731,-8,5,Excited,Excited,100,5683
2,75462,731,-8,5,Excited,Excited,100,5684
2,75471,731,-8,5,Excited,Excited,100,5685
2,75474,731,-8,5,Excited,Excited,100,5686
2,75476,731,-8,5,Excited,Excited,100,5687
2,75479,731,-8,5,Excited,Excited,100,5688
2,75488,731,-8,5,Excited,Excited,100,5689
2,75491,731,-8,5,Excited,Excited,100,5690
2,75493,730,-9,5,Excited,Excited,100,5691
2,75495,730,-9,5,Excited,Excited,100,5692
2,75505,730,-9,5,Excited,Excited,100,5693
2,75507,730,-9,5,Excited,Excited,100,5694
2,75510,730,-9,5,Excited,Excited,100,5695
2,75512,730,-9,5,Excited,Excited,100,5696
2,75521,730,-9,5,Excited,Excited,100,5697
2,75524,730,-9,5,Excited,Excited,100,5698
2,75526,730,-9,5,Excited,Excited,100,5699
2,75529,730,-9,5,Excited,Excited,100,5700
2,75538,730,-9,5,Excited,Excited,100,5701
2,75541,730,-9,5,Excited,Excited,100,5702
2,75543,730,-9,5,Excited,Excited,100,5703
2,75546,730,-9,5,Excited,Excited,100,5704
2,75555,731,-8,5,Excited,Excited,100,5705
2,75557,731,-8,5,Excited,Excited,100,5706
2,75560,731,-8,5,Excited,Excited,100,5707
2,75562,731,-8,5,Excited,Excited,100,5708
2,75571,731,-8,5,Excited,Excited,100,5709
2,75574,731,-8,5,Excited,Excited,100,5710
2,75576,731,-8,5,Excited,Excited,100,5711
2,75579,731,-8,5,Excited,Excited,100,5712
2,75588,731,-8,5,Excited,Excited,100,5713
2,75590,731,-8,5,Excited,Excited,100,5714
2,75593,731,-8,5,Excited,Excited,100,5715
2,75596,730,-8,5,Excited,Excited,100,5716
2,75605,730,-8,5,Excited,Excited,100,5717
2,75607,730,-8,5,Excited,Excited,100,5718
2,75610,730,-8,5,Excited,Excited,100,5719
2,75612,730,-8,5,Excited,Excited,100,5720
2,75621,730,-8,5,Excited,Excited,100,5721
2,75624,730,-8,5,Excited,Excited,100,5722
2,75626,730,-8,5,Excited,Excited,100,5723
2,75629,730,-8,5,Excited,Excited,100,5724
2,75638,730,-8,5,Excited,Excited,100,5725
2,75641,730,-8,5,Excited,Excited,100,5726
2,75643,730,-8,5,Excited,Excited,100,5727
2,75645,730,-8,5,Excited,Excited,100,5728
2,75655,730,-8,5,Excited,Excited,100,5729
2,75657,730,-8,5,Excited,Excited,100,5730
2,75660,730,-8,5,Excited,Excited,100,5731
2,75662,730,-8,5,Excited,Excited,100,5732
2,75671,730,-8,5,Excited,Excited,100,5733
2,75674,730,-8,5,Excited,Excited,100,5734
2,75676,730,-8,5,Excited,Excited,100,5735
2,75679,730,-8,5,Excited,Excited,100,5736
2,75688,730,-8,5,Excited,Excited,100,5737
2,75691,730,-8,5,Excited,Excited,100,5738
2,75693,730,-8,5,Excited,Excited,100,5739
2,75695,730,-8,5,Excited,Excited,100,5740
2,75705,730,-8,5,Excited,Excited,100,5741
2,75707,730,-8,5,Excited,Excited,100,5742
2,75710,730,-8,5,Excited,Excited,100,5743
2,75712,730,-8,5,Excited,Excited,100,5744
2,75721,730,-8,5,Excited,Excited,100,5745
2,75724,730,-8,5,Excited,Excited,100,5746
2,75726,730,-8,5,Excited,Excited,100,5747
2,75729,730,-8,5,Excited,Excited,100,5748
2,75738,730,-8,5,Excited,Excited,100,5749
2,75741,730,-8,5,Excited,Excited,100,5750
2,75743,730,-8,5,Excited,Excited,100,5751
2,75745,730,-8,5,Excited,Excited,100,5752
2,75755,730,-8,5,Excited,Excited,100,5753
2,75757,730,-8,5,Excited,Excited,100,5754
2,75760,730,-8,5,Excited,Excited,100,5755
2,75762,730,-8,5,Excited,Excited,100,5756
2,75771,730,-8,5,Excited,Excited,100,5757
2,75774,730,-8,5,Excited,Excited,100,5758
2,75776,730,-8,5,Excited,Excited,100,5759
2,75779,730,-8,5,Excited,Excited,100,5760
2,75788,730,-8,5,Excited,Excited,100,5761
2,75790,730,-8,5,Excited,Excited,100,5762
2,75793,730,-8,5,Excited,Excited,100,5763
2,75795,730,-8,5,Excited,Excited,100,5764
2,75805,730,-8,5,Excited,Excited,100,5765
2,75807,730,-8,5,Excited,Excited,100,5766
2,75809,730,-8,5,Excited,Excited,100,5767
2,75812,730,-8,5,Excited,Excited,100,5768
2,75821,730,-8,5,Excited,Excited,100,5769
2,75824,730,-8,5,Excited,Excited,100,5770
2,75826,730,-8,5,Excited,Excited,100,5771
2,75829,730,-8,5,Excited,Excited,100,5772
2,75838,730,-8,5,Excited,Excited,100,5773
2,75841,730,-8,5,Excited,Excited,100,5774
2,75843,730,-8,5,Excited,Excited,100,5775
2,75845,730,-8,5,Excited,Excited,100,5776
2,75854,730,-8,5,Excited,Excited,100,5777
2,75857,730,-7,5,Excited,Excited,100,5778
2,75859,730,-7,5,Excited,Excited,100,5779
2,75862,730,-7,5,Excited,Excited,100,5780
2,75871,730,-7,5,Excited,Excited,100,5781
2,75874,730,-7,5,Excited,Excited,100,5782
2,75876,730,-7,5,Excited,Excited,100,5783
2,75879,730,-7,5,Excited,Excited,100,5784
2,75888,730,-7,5,Excited,Excited,100,5785
2,75890,730,-7,5,Excited,Excited,100,5786
2,75893,730,-7,5,Excited,Excited,100,5787
2,75895,730,-7,5,Excited,Excited,100,5788
2,75905,730,-7,5,Excited,Excited,100,5789
2,75907,730,-7,5,Excited,Excited,100,5790
2,75909,730,-7,5,Excited,Excited,100,5791
2,75912,730,-7,5,Excited,Excited,100,5792
2,75921,730,-7,5,Excited,Excited,100,5793
2,75924,730,-7,5,Excited,Excited,100,5794
2,75926,730,-7,5,Excited,Excited,100,5795
2,75929,730,-7,5,Excited,Excited,100,5796
2,75938,730,-7,5,Excited,Excited,100,5797
2,75940,730,-7,5,Excited,Excited,100,5798
2,75943,730,-7,5,Excited,Excited,100,5799
2,75945,730,-7,5,Excited,Excited,100,5800
2,75955,730,-7,5,Excited,Excited,100,5801
2,75957,730,-7,5,Excited,Excited,100,5802
2,75960,730,-7,5,Excited,Excited,100,5803
2,75962,730,-7,5,Excited,Excited,100,5804
2,75971,730,-7,5,Excited,Excited,100,5805
2,75974,730,-7,5,Excited,Excited,100,5806
2,75976,730,-7,5,Excited,Excited,100,5807
2,75979,730,-7,5,Excited,Excited,100,5808
2,75988,730,-7,5,Excited,Excited,100,5809
2,75991,730,-7,5,Excited,Excited,100,5810
2,75993,730,-7,5,Excited,Excited,100,5811
2,75996,730,-7,5,Excited,Excited,100,5812
2,76005,730,-7,5,Excited,Excited,100,5813
2,76007,730,-7,5,Excited,Excited,100,5814
2,76010,730,-6,5,Excited,Excited,100,5815
2,76012,730,-6,5,Excited,Excited,100,5816
2,76021,730,-6,5,Excited,Excited,100,5817
2,76024,730,-6,5,Excited,Excited,100,5818
3,94042,715,0,5,Calmed,Calmed,100,5819
3,94046,715,0,5,Calmed,Calmed,100,5820
3,94054,715,0,5,Calmed,Calmed,100,5821
3,94057,715,0,5,Calmed,Calmed,100,5822
3,94059,715,0,5,Calmed,Calmed,100,5823
3,94062,715,0,5,Calmed,Calmed,100,5824
3,94071,715,0,5,Calmed,Calmed,100,5825
3,94073,715,0,5,Calmed,Calmed,100,5826
3,94076,715,0,5,Calmed,Calmed,100,5827
3,94078,715,0,5,Calmed,Calmed,100,5828
3,94088,715,0,5,Calmed,Calmed,100,5829
3,94090,715,0,5,Calmed,Calmed,100,5830
3,94093,715,0,5,Calmed,Calmed,100,5831
3,94095,715,0,5,Calmed,Calmed,100,5832
3,94104,715,0,5,Calmed,Calmed,100,5833
3,94107,715,0,5,Calmed,Calmed,100,5834
3,94109,715,0,5,Calmed,Calmed,100,5835
3,94111,715,0,5,Calmed,Calmed,100,5836
3,94121,715,0,5,Calmed,Calmed,100,5837
3,94123,715,0,5,Calmed,Calmed,100,5838
3,94126,715,0,5,Calmed,Calmed,100,5839
3,94128,715,0,5,Calmed,Calmed,100,5840
3,94138,715,0,5,Calmed,Calmed,100,5841
3,94140,715,0,5,Calmed,Calmed,100,5842
3,94143,715,0,5,Calmed,Calmed,100,5843
3,94145,715,0,5,Calmed,Calmed,100,5844
3,94154,715,0,5,Calmed,Calmed,100,5845
3,94157,715,0,5,Calmed,Calmed,100,5846
3,94159,715,0,5,Calmed,Calmed,100,5847
3,94162,715,0,5,Calmed,Calmed,100,5848
3,94171,715,0,5,Calmed,Calmed,100,5849
3,94173,715,0,5,Calmed,Calmed,100,5850
3,94176,715,0,5,Calmed,Calmed,100,5851
3,94178,715,0,5,Calmed,Calmed,100,5852
3,94188,715,0,5,Calmed,Calmed,100,5853
3,94190,715,0,5,Calmed,Calmed,100,5854
3,94193,715,0,5,Calmed,Calmed,100,5855
3,94195,715,0,5,Calmed,Calmed,100,5856
3,94204,715,0,5,Calmed,Calmed,100,5857
3,94207,715,0,5,Calmed,Calmed,100,5858
3,94209,715,0,5,Calmed,Calmed,100,5859
3,94212,715,0,5,Calmed,Calmed,100,5860
3,94221,715,0,5,Calmed,Calmed,100,5861
3,94223,715,0,5,Calmed,Calmed,100,5862
3,94226,715,0,5,Calmed,Calmed,100,5863
3,94228,715,0,5,Calmed,Calmed,100,5864
3,94238,715,0,5,Calmed,Calmed,100,5865
3,94240,715,0,5,Calmed,Calmed,100,5866
3,94242,715,0,5,Calmed,Calmed,100,5867
3,94245,715,0,5,Calmed,Calmed,100,5868
3,94254,715,0,5,Calmed,Calmed,100,5869
3,94257,715,0,5,Calmed,Calmed,100,5870
3,94259,715,0,5,Calmed,Calmed,100,5871
3,94262,715,0,5,Calmed,Calmed,100,5872
3,94271,715,0,5,Calmed,Calmed,100,5873
3,94273,715,0,5,Calmed,Calmed,100,5874
3,94276,715,0,5,Calmed,Calmed,100,5875
3,94278,715,0,5,Calmed,Calmed,100,5876
3,94288,715,0,5,Calmed,Calmed,100,5877
3,94290,715,0,5,Calmed,Calmed,100,5878
3,94292,715,0,5,Calmed,Calmed,100,5879
3,94295,715,0,5,Calmed,Calmed,100,5880
3,94304,715,0,5,Calmed,Calmed,100,5881
3,94307,715,0,5,Calmed,Calmed,100,5882
3,94309,715,0,5,Calmed,Calmed,100,5883
3,94312,715,0,5,Calmed,Calmed,100,5884
3,94321,715,0,5,Calmed,Calmed,100,5885
3,94324,715,0,5,Calmed,Calmed,100,5886
3,94326,715,0,5,Calmed,Calmed,100,5887
3,94331,715,0,5,Calmed,Calmed,100,5888
3,94341,715,0,5,Calmed,Calmed,100,5889
3,94347,715,0,5,Calmed,Calmed,100,5890
3,94352,714,-1,5,Calmed,Calmed,100,5891
3,94359,714,-1,5,Calmed,Calmed,100,5892
3,94364,714,-1,5,Calmed,Calmed,100,5893
3,94374,714,-1,5,Calmed,Calmed,100,5894
3,94388,714,-1,5,Calmed,Calmed,100,5895
3,94392,714,-1,5,Calmed,Calmed,100,5896
3,94394,715,0,5,Calmed,Calmed,100,5897
3,94396,715,0,5,Calmed,Calmed,100,5898
3,94404,715,0,5,Calmed,Calmed,100,5899
3,94407,715,0,5,Calmed,Calmed,100,5900
3,94409,715,0,5,Calmed,Calmed,100,5901
3,94411,715,0,5,Calmed,Calmed,100,5902
3,94421,715,0,5,Calmed,Calmed,100,5903
3,94423,715,0,5,Calmed,Calmed,100,5904
3,94426,715,0,5,Calmed,Calmed,100,5905
3,94428,715,0,5,Calmed,Calmed,100,5906
3,94438,715,0,5,Calmed,Calmed,100,5907
3,94440,715,0,5,Calmed,Calmed,100,5908
3,94442,715,0,5,Calmed,Calmed,100,5909
3,94445,715,0,5,Calmed,Calmed,100,5910
3,94454,715,0,5,Calmed,Calmed,100,5911
3,94457,715,0,5,Calmed,Calmed,100,5912
3,94459,715,0,5,Calmed,Calmed,100,5913
3,94462,715,0,5,Calmed,Calmed,100,5914
3,94471,715,0,5,Calmed,Calmed,100,5915
3,94473,715,0,5,Calmed,Calmed,100,5916
3,94476,715,0,5,Calmed,Calmed,100,5917
3,94478,715,0,5,Calmed,Calmed,100,5918
3,94487,715,0,5,Calmed,Calmed,100,5919
3,94490,715,0,5,Calmed,Calmed,100,5920
3,94492,715,0,5,Calmed,Calmed,100,5921
3,94495,715,0,5,Calmed,Calmed,100,5922
3,94504,714,-1,5,Calmed,Calmed,100,5923
3,94507,714,-1,5,Calmed,Calmed,100,5924
3,94509,714,-1,5,Calmed,Calmed,100,5925
3,94512,714,-1,5,Calmed,Calmed,100,5926
3,94521,714,-1,5,Calmed,Calmed,100,5927
3,94524,714,-1,5,Calmed,Calmed,100,5928
3,94526,714,-1,5,Calmed,Calmed,100,5929
3,94528,714,-1,5,Calmed,Calmed,100,5930
3,94538,714,-1,5,Calmed,Calmed,100,5931
3,94540,714,-1,5,Calmed,Calmed,100,5932
3,94543,714,-1,5,Calmed,Calmed,100,5933
3,94545,714,-1,5,Calmed,Calmed,100,5934
3,94554,715,0,5,Calmed,Calmed,100,5935
3,94557,715,0,5,Calmed,Calmed,100,5936
3,94559,715,0,5,Calmed,Calmed,100,5937
3,94562,715,0,5,Calmed,Calmed,100,5938
3,94571,715,0,5,Calmed,Calmed,100,5939
3,94573,715,0,5,Calmed,Calmed,100,5940
3,94576,715,0,5,Calmed,Calmed,100,5941
3,94578,715,0,5,Calmed,Calmed,100,5942
3,94588,715,0,5,Calmed,Calmed,100,5943
3,94590,715,0,5,Calmed,Calmed,100,5944
3,94593,715,0,5,Calmed,Calmed,100,5945
3,94595,715,0,5,Calmed,Calmed,100,5946
3,94604,715,0,5,Calmed,Calmed,100,5947
3,94607,715,0,5,Calmed,Calmed,100,5948
3,94609,715,0,5,Calmed,Calmed,100,5949
3,94612,715,0,5,Calmed,Calmed,100,5950
3,94621,715,0,5,Calmed,Calmed,100,5951
3,94623,715,0,5,Calmed,Calmed,100,5952
3,94626,715,0,5,Calmed,Calmed,100,5953
3,94628,715,0,5,Calmed,Calmed,100,5954
3,94637,715,0,5,Calmed,Calmed,100,5955
3,94640,715,0,5,Calmed,Calmed,100,5956
3,94643,715,0,5,Calmed,Calmed,100,5957
3,94645,715,0,5,Calmed,Calmed,100,5958
3,94654,715,0,5,Calmed,Calmed,100,5959
3,94657,715,0,5,Calmed,Calmed,100,5960
3,94659,715,0,5,Calmed,Calmed,100,5961
3,94662,715,0,5,Calmed,Calmed,100,5962
3,94671,715,0,5,Calmed,Calmed,100,5963
3,94673,715,0,5,Calmed,Calmed,100,5964
3,94676,715,0,5,Calmed,Calmed,100,5965
3,94678,715,0,5,Calmed,Calmed,100,5966
3,94688,715,0,5,Calmed,Calmed,100,5967
3,94690,715,0,5,Calmed,Calmed,100,5968
3,94693,715,0,5,Calmed,Calmed,100,5969
3,94695,715,0,5,Calmed,Calmed,100,5970
3,94704,715,0,5,Calmed,Calmed,100,5971
3,94707,715,0,5,Calmed,Calmed,100,5972
3,94709,715,0,5,Calmed,Calmed,100,5973
3,94712,715,0,5,Calmed,Calmed,100,5974
3,94721,715,0,5,Calmed,Calmed,100,5975
3,94724,715,0,5,Calmed,Calmed,100,5976
3,94726,715,0,5,Calmed,Calmed,100,5977
3,94729,715,0,5,Calmed,Calmed,100,5978
3,94738,715,0,5,Calmed,Calmed,100,5979
3,94740,715,0,5,Calmed,Calmed,100,5980
3,94743,715,0,5,Calmed,Calmed,100,5981
3,94745,715,0,5,Calmed,Calmed,100,5982
3,94754,715,0,5,Calmed,Calmed,100,5983
3,94757,715,0,5,Calmed,Calmed,100,5984
3,94760,715,0,5,Calmed,Calmed,100,5985
3,94762,715,0,5,Calmed,Calmed,100,5986
3,94771,715,0,5,Calmed,Calmed,100,5987
3,94773,715,0,5,Calmed,Calmed,100,5988
3,94776,715,0,5,Calmed,Calmed,100,5989
3,94778,715,0,5,Calmed,Calmed,100,5990
3,94788,715,0,5,Calmed,Calmed,100,5991
3,94790,715,0,5,Calmed,Calmed,100,5992
3,94793,715,0,5,Calmed,Calmed,100,5993
3,94795,715,0,5,Calmed,Calmed,100,5994
3,94804,715,0,5,Calmed,Calmed,100,5995
3,94807,715,0,5,Calmed,Calmed,100,5996
3,94809,715,0,5,Calmed,Calmed,100,5997
3,94812,715,0,5,Calmed,Calmed,100,5998
3,94821,715,0,5,Calmed,Calmed,100,5999
3,94823,715,0,5,Calmed,Calmed,100,6000
3,94826,715,0,5,Calmed,Calmed,100,6001
3,94828,715,0,5,Calmed,Calmed,100,6002
3,94838,715,0,5,Calmed,Calmed,100,6003
3,94840,715,0,5,Calmed,Calmed,100,6004
3,94843,715,0,5,Calmed,Calmed,100,6005
3,94845,715,0,5,Calmed,Calmed,100,6006
3,94854,715,0,5,Calmed,Calmed,100,6007
3,94857,715,0,5,Calmed,Calmed,100,6008
3,94859,715,0,5,Calmed,Calmed,100,6009
3,94861,715,0,5,Calmed,Calmed,100,6010
3,94871,715,0,5,Calmed,Calmed,100,6011
3,94873,715,0,5,Calmed,Calmed,100,6012
3,94876,715,0,5,Calmed,Calmed,100,6013
3,94878,715,0,5,Calmed,Calmed,100,6014
3,94888,715,0,5,Calmed,Calmed,100,6015
3,94890,715,0,5,Calmed,Calmed,100,6016
3,94893,715,0,5,Calmed,Calmed,100,6017
3,94895,715,0,5,Calmed,Calmed,100,6018
3,94904,715,0,5,Calmed,Calmed,100,6019
3,94907,715,0,5,Calmed,Calmed,100,6020
3,94909,715,0,5,Calmed,Calmed,100,6021
3,94912,715,0,5,Calmed,Calmed,100,6022
3,94921,715,0,5,Calmed,Calmed,100,6023
3,94924,715,0,5,Calmed,Calmed,100,6024
3,94926,715,0,5,Calmed,Calmed,100,6025
3,94929,715,0,5,Calmed,Calmed,100,6026
3,94938,715,0,5,Calmed,Calmed,100,6027
3,94940,715,0,5,Calmed,Calmed,100,6028
3,94943,715,0,5,Calmed,Calmed,100,6029
3,94945,715,0,5,Calmed,Calmed,100,6030
3,94954,715,0,5,Calmed,Calmed,100,6031
3,94957,714,-1,5,Calmed,Calmed,100,6032
3,94959,714,-1,5,Calmed,Calmed,100,6033
3,94962,714,-1,5,Calmed,Calmed,100,6034
3,94971,714,-1,5,Calmed,Calmed,100,6035
3,94973,714,-1,5,Calmed,Calmed,100,6036
3,94975,714,-1,5,Calmed,Calmed,100,6037
3,94978,714,-1,5,Calmed,Calmed,100,6038
3,94988,714,-1,5,Calmed,Calmed,100,6039
3,94990,714,-1,5,Calmed,Calmed,100,6040
3,94993,714,-1,5,Calmed,Calmed,100,6041
3,94995,714,-1,5,Calmed,Calmed,100,6042
3,95004,714,-1,5,Calmed,Calmed,100,6043
3,95007,714,-1,5,Calmed,Calmed,100,6044
3,95009,715,0,5,Calmed,Calmed,100,6045
3,95012,715,0,5,Calmed,Calmed,100,6046
3,95021,715,0,5,Calmed,Calmed,100,6047
3,95025,715,0,5,Calmed,Calmed,100,6048
3,95027,715,0,5,Calmed,Calmed,100,6049
3,95030,715,0,5,Calmed,Calmed,100,6050
3,95037,715,0,5,Calmed,Calmed,100,6051
3,95040,715,0,5,Calmed,Calmed,100,6052
3,95042,715,0,5,Calmed,Calmed,100,6053
3,95045,715,0,5,Calmed,Calmed,100,6054
3,95054,715,0,5,Calmed,Calmed,100,6055
3,95057,715,0,5,Calmed,Calmed,100,6056
3,95059,715,0,5,Calmed,Calmed,100,6057
3,95062,715,0,5,Calmed,Calmed,100,6058
3,95071,715,0,5,Calmed,Calmed,100,6059
3,95073,715,0,5,Calmed,Calmed,100,6060
3,95076,715,0,5,Calmed,Calmed,100,6061
3,95078,715,0,5,Calmed,Calmed,100,6062
3,95088,715,0,5,Calmed,Calmed,100,6063
3,95090,715,0,5,Calmed,Calmed,100,6064
3,95093,715,0,5,Calmed,Calmed,100,6065
3,95095,715,0,5,Calmed,Calmed,100,6066
3,95104,715,0,5,Calmed,Calmed,100,6067
3,95107,715,0,5,Calmed,Calmed,100,6068
3,95109,715,0,5,Calmed,Calmed,100,6069
3,95112,715,0,5,Calmed,Calmed,100,6070
3,95121,715,0,5,Calmed,Calmed,100,6071
3,95123,715,0,5,Calmed,Calmed,100,6072
3,95126,715,0,5,Calmed,Calmed,100,6073
3,95128,715,0,5,Calmed,Calmed,100,6074
3,95138,715,0,5,Calmed,Calmed,100,6075
3,95140,715,0,5,Calmed,Calmed,100,6076
3,95143,715,0,5,Calmed,Calmed,100,6077
3,95145,715,0,5,Calmed,Calmed,100,6078
3,95154,715,0,5,Calmed,Calmed,100,6079
3,95157,715,0,5,Calmed,Calmed,100,6080
3,95159,715,0,5,Calmed,Calmed,100,6081
3,95162,715,0,5,Calmed,Calmed,100,6082
3,95171,714,-1,5,Calmed,Calmed,100,6083
3,95174,714,-1,5,Calmed,Calmed,100,6084
3,95176,714,-1,5,Calmed,Calmed,100,6085
3,95178,714,-1,5,Calmed,Calmed,100,6086
3,95188,714,-1,5,Calmed,Calmed,100,6087
3,95190,714,-1,5,Calmed,Calmed,100,6088
3,95192,714,-1,5,Calmed,Calmed,100,6089
3,95195,714,-1,5,Calmed,Calmed,100,6090
3,95204,714,-1,5,Calmed,Calmed,100,6091
3,95207,714,-1,5,Calmed,Calmed,100,6092
3,95209,714,-1,5,Calmed,Calmed,100,6093
3,95212,714,-1,5,Calmed,Calmed,100,6094
3,95221,714,-1,5,Calmed,Calmed,100,6095
3,95224,714,-1,5,Calmed,Calmed,100,6096
3,95226,714,-1,5,Calmed,Calmed,100,6097
3,95229,714,-1,5,Calmed,Calmed,100,6098
3,95238,714,-1,5,Calmed,Calmed,100,6099
3,95240,714,-1,5,Calmed,Calmed,100,6100
3,95243,714,-1,5,Calmed,Calmed,100,6101
3,95245,714,-1,5,Calmed,Calmed,100,6102
3,95254,714,-1,5,Calmed,Calmed,100,6103
3,95257,714,-1,5,Calmed,Calmed,100,6104
3,95259,714,-1,5,Calmed,Calmed,100,6105
3,95261,714,-1,5,Calmed,Calmed,100,6106
3,95271,714,-1,5,Calmed,Calmed,100,6107
3,95273,714,-1,5,Calmed,Calmed,100,6108
3,95276,714,-1,5,Calmed,Calmed,100,6109
3,95278,714,-1,5,Calmed,Calmed,100,6110
3,95287,714,-1,5,Calmed,Calmed,100,6111
3,95290,714,-1,5,Calmed,Calmed,100,6112
3,95293,714,-1,5,Calmed,Calmed,100,6113
3,95295,714,-1,5,Calmed,Calmed,100,6114
3,95304,714,-1,5,Calmed,Calmed,100,6115
3,95307,714,-1,5,Calmed,Calmed,100,6116
3,95309,714,-1,5,Calmed,Calmed,100,6117
3,95312,714,-1,5,Calmed,Calmed,100,6118
3,95321,714,-1,5,Calmed,Calmed,100,6119
3,95324,715,0,5,Calmed,Calmed,100,6120
3,95326,715,0,5,Calmed,Calmed,100,6121
3,95329,715,0,5,Calmed,Calmed,100,6122
3,95337,715,0,5,Calmed,Calmed,100,6123
3,95340,715,0,5,Calmed,Calmed,100,6124
3,95342,715,0,5,Calmed,Calmed,100,6125
3,95345,715,0,5,Calmed,Calmed,100,6126
3,95354,715,0,5,Calmed,Calmed,100,6127
3,95357,715,0,5,Calmed,Calmed,100,6128
3,95359,715,0,5,Calmed,Calmed,100,6129
3,95362,715,0,5,Calmed,Calmed,100,6130
3,95371,715,0,5,Calmed,Calmed,100,6131
3,95373,714,-1,5,Calmed,Calmed,100,6132
3,95376,714,-1,5,Calmed,Calmed,100,6133
3,95378,714,-1,5,Calmed,Calmed,100,6134
3,95388,714,-1,5,Calmed,Calmed,100,6135
3,95391,714,-1,5,Calmed,Calmed,100,6136
3,95394,714,-1,5,Calmed,Calmed,100,6137
3,95397,714,-1,5,Calmed,Calmed,100,6138
3,95404,714,-1,5,Calmed,Calmed,100,6139
3,95407,714,-1,5,Calmed,Calmed,100,6140
3,95410,714,-1,5,Calmed,Calmed,100,6141
3,95413,714,-1,5,Calmed,Calmed,100,6142
3,95421,714,-1,5,Calmed,Calmed,100,6143
3,95424,714,-1,5,Calmed,Calmed,100,6144
3,95427,714,-1,5,Calmed,Calmed,100,6145
3,95429,714,-1,5,Calmed,Calmed,100,6146
3,95438,714,-1,5,Calmed,Calmed,100,6147
3,95440,714,-1,5,Calmed,Calmed,100,6148
3,95443,714,-1,5,Calmed,Calmed,100,6149
3,95445,714,-1,5,Calmed,Calmed,100,6150
3,95455,714,-1,5,Calmed,Calmed,100,6151
3,95458,714,-1,5,Calmed,Calmed,100,6152
3,95461,714,-1,5,Calmed,Calmed,100,6153
3,95464,714,-1,5,Calmed,Calmed,100,6154
3,95471,714,-1,5,Calmed,Calmed,100,6155
3,95474,715,0,5,Calmed,Calmed,100,6156
3,95477,715,0,5,Calmed,Calmed,100,6157
3,95480,715,0,5,Calmed,Calmed,100,6158
3,95488,715,0,5,Calmed,Calmed,100,6159
3,95491,715,0,5,Calmed,Calmed,100,6160
3,95494,715,0,5,Calmed,Calmed,100,6161
3,95505,715,0,5,Calmed,Calmed,100,6162
3,95508,715,0,5,Calmed,Calmed,100,6163
3,95510,715,0,5,Calmed,Calmed,100,6164
3,95513,715,0,5,Calmed,Calmed,100,6165
3,95521,715,0,5,Calmed,Calmed,100,6166
3,95523,714,-1,5,Calmed,Calmed,100,6167
3,95526,714,-1,5,Calmed,Calmed,100,6168
3,95528,714,-1,5,Calmed,Calmed,100,6169
3,95538,714,-1,5,Calmed,Calmed,100,6170
3,95540,714,-1,5,Calmed,Calmed,100,6171
3,95542,714,-1,5,Calmed,Calmed,100,6172
3,95545,714,-1,5,Calmed,Calmed,100,6173
3,95554,714,-1,5,Calmed,Calmed,100,6174
3,95557,714,-1,5,Calmed,Calmed,100,6175
3,95560,714,-1,5,Calmed,Calmed,100,6176
3,95562,714,-1,5,Calmed,Calmed,100,6177
3,95571,714,-1,5,Calmed,Calmed,100,6178
3,95573,714,-1,5,Calmed,Calmed,100,6179
3,95576,714,-1,5,Calmed,Calmed,100,6180
3,95578,714,-1,5,Calmed,Calmed,100,6181
3,95588,714,-1,5,Calmed,Calmed,100,6182
3,95590,714,-1,5,Calmed,Calmed,100,6183
3,95593,714,-1,5,Calmed,Calmed,100,6184
3,95595,714,-1,5,Calmed,Calmed,100,6185
3,95604,714,-1,5,Calmed,Calmed,100,6186
3,95607,714,-1,5,Calmed,Calmed,100,6187
3,95609,714,-1,5,Calmed,Calmed,100,6188
3,95612,714,-1,5,Calmed,Calmed,100,6189
3,95621,714,-1,5,Calmed,Calmed,100,6190
3,95624,714,-1,5,Calmed,Calmed,100,6191
3,95626,714,-1,5,Calmed,Calmed,100,6192
3,95629,714,-1,5,Calmed,Calmed,100,6193
3,95637,714,-1,5,Calmed,Calmed,100,6194
3,95640,714,-1,5,Calmed,Calmed,100,6195
3,95643,714,-1,5,Calmed,Calmed,100,6196
3,95645,714,-1,5,Calmed,Calmed,100,6197
3,95654,714,-1,5,Calmed,Calmed,100,6198
3,95657,714,-1,5,Calmed,Calmed,100,6199
3,95659,714,-1,5,Calmed,Calmed,100,6200
3,95662,714,-1,5,Calmed,Calmed,100,6201
3,95671,714,-1,5,Calmed,Calmed,100,6202
3,95673,714,-1,5,Calmed,Calmed,100,6203
3,95676,714,-1,5,Calmed,Calmed,100,6204
3,95678,714,-1,5,Calmed,Calmed,100,6205
3,95688,714,-1,5,Calmed,Calmed,100,6206
3,95690,714,-1,5,Calmed,Calmed,100,6207
3,95693,714,-1,5,Calmed,Calmed,100,6208
3,95695,714,-1,5,Calmed,Calmed,100,6209
3,95704,714,-1,5,Calmed,Calmed,100,6210
3,95707,714,-1,5,Calmed,Calmed,100,6211
3,95709,714,-1,5,Calmed,Calmed,100,6212
3,95712,714,-1,5,Calmed,Calmed,100,6213
3,95721,714,-1,5,Calmed,Calmed,100,6214
3,95723,714,-1,5,Calmed,Calmed,100,6215
3,95726,714,-1,5,Calmed,Calmed,100,6216
3,95728,714,-1,5,Calmed,Calmed,100,6217
3,95737,714,-1,5,Calmed,Calmed,100,6218
3,95740,714,-1,5,Calmed,Calmed,100,6219
3,95743,714,-1,5,Calmed,Calmed,100,6220
3,95745,714,-1,5,Calmed,Calmed,100,6221
3,95754,714,-1,5,Calmed,Calmed,100,6222
3,95757,714,-1,5,Calmed,Calmed,100,6223
3,95759,714,-1,5,Calmed,Calmed,100,6224
3,95761,714,-1,5,Calmed,Calmed,100,6225
3,95771,714,-1,5,Calmed,Calmed,100,6226
3,95773,714,-1,5,Calmed,Calmed,100,6227
3,95776,714,-1,5,Calmed,Calmed,100,6228
3,95778,714,-1,5,Calmed,Calmed,100,6229
3,95788,714,-1,5,Calmed,Calmed,100,6230
3,95790,714,-1,5,Calmed,Calmed,100,6231
3,95792,714,-1,5,Calmed,Calmed,100,6232
3,95795,714,-1,5,Calmed,Calmed,100,6233
3,95804,714,-1,5,Calmed,Calmed,100,6234
3,95807,714,-1,5,Calmed,Calmed,100,6235
3,95809,714,-1,5,Calmed,Calmed,100,6236
3,95811,714,-1,5,Calmed,Calmed,100,6237
3,95821,714,-1,5,Calmed,Calmed,100,6238
3,95823,714,-1,5,Calmed,Calmed,100,6239
3,95826,714,-1,5,Calmed,Calmed,100,6240
3,95828,714,-1,5,Calmed,Calmed,100,6241
3,95838,714,-1,5,Calmed,Calmed,100,6242
3,95840,714,-1,5,Calmed,Calmed,100,6243
3,95843,714,-1,5,Calmed,Calmed,100,6244
3,95845,714,-1,5,Calmed,Calmed,100,6245
3,95854,714,-1,5,Calmed,Calmed,100,6246
3,95857,714,-1,5,Calmed,Calmed,100,6247
3,95859,714,-1,5,Calmed,Calmed,100,6248
3,95862,714,-1,5,Calmed,Calmed,100,6249
3,95871,714,-1,5,Calmed,Calmed,100,6250
3,95873,714,-1,5,Calmed,Calmed,100,6251
3,95876,714,-1,5,Calmed,Calmed,100,6252
3,95878,714,-1,5,Calmed,Calmed,100,6253
3,95887,714,-1,5,Calmed,Calmed,100,6254
3,95890,714,-1,5,Calmed,Calmed,100,6255
3,95893,714,-1,5,Calmed,Calmed,100,6256
3,95895,714,-1,5,Calmed,Calmed,100,6257
3,95904,714,-1,5,Calmed,Calmed,100,6258
3,95907,714,-1,5,Calmed,Calmed,100,6259
3,95909,714,-1,5,Calmed,Calmed,100,6260
3,95912,714,-1,5,Calmed,Calmed,100,6261
3,95921,714,-1,5,Calmed,Calmed,100,6262
3,95923,714,-1,5,Calmed,Calmed,100,6263
3,95926,714,-1,5,Calmed,Calmed,100,6264
3,95928,714,-1,5,Calmed,Calmed,100,6265
3,95937,714,-1,5,Calmed,Calmed,100,6266
3,95940,714,-1,5,Calmed,Calmed,100,6267
3,95943,714,-1,5,Calmed,Calmed,100,6268
3,95945,714,-1,5,Calmed,Calmed,100,6269
3,95954,714,-1,5,Calmed,Calmed,100,6270
3,95957,714,-1,5,Calmed,Calmed,100,6271
3,95959,714,-1,5,Calmed,Calmed,100,6272
3,95962,714,-1,5,Calmed,Calmed,100,6273
3,95971,714,-1,5,Calmed,Calmed,100,6274
3,95973,714,-1,5,Calmed,Calmed,100,6275
3,95976,714,-1,5,Calmed,Calmed,100,6276
3,95978,714,-1,5,Calmed,Calmed,100,6277
3,95987,714,-1,5,Calmed,Calmed,100,6278
3,95990,714,-1,5,Calmed,Calmed,100,6279
3,95993,714,-1,5,Calmed,Calmed,100,6280
3,95995,714,-1,5,Calmed,Calmed,100,6281
3,96004,714,-1,5,Calmed,Calmed,100,6282
3,96007,714,-1,5,Calmed,Calmed,100,6283
3,96009,714,-1,5,Calmed,Calmed,100,6284
3,96011,714,-1,5,Calmed,Calmed,100,6285
3,96021,714,-1,5,Calmed,Calmed,100,6286
3,96023,714,-1,5,Calmed,Calmed,100,6287
3,96026,714,-1,5,Calmed,Calmed,100,6288
3,96028,714,-1,5,Calmed,Calmed,100,6289
3,96037,714,-1,5,Calmed,Calmed,100,6290
3,96040,714,-1,5,Calmed,Calmed,100,6291
3,96042,714,-1,5,Calmed,Calmed,100,6292
3,96045,714,-1,5,Calmed,Calmed,100,6293
3,96054,714,-1,5,Calmed,Calmed,100,6294
3,96057,714,-1,5,Calmed,Calmed,100,6295
3,96059,714,-1,5,Calmed,Calmed,100,6296
3,96062,714,-1,5,Calmed,Calmed,100,6297
3,96071,714,-1,5,Calmed,Calmed,100,6298
3,96073,714,-1,5,Calmed,Calmed,100,6299
3,96076,714,-1,5,Calmed,Calmed,100,6300
3,96078,714,-1,5,Calmed,Calmed,100,6301
3,96087,714,-1,5,Calmed,Calmed,100,6302
3,96090,714,-1,5,Calmed,Calmed,100,6303
3,96092,714,-1,5,Calmed,Calmed,100,6304
3,96095,714,-1,5,Calmed,Calmed,100,6305
3,96104,714,-1,5,Calmed,Calmed,100,6306
3,96107,714,-1,5,Calmed,Calmed,100,6307
3,96109,714,-1,5,Calmed,Calmed,100,6308
3,96111,714,-1,5,Calmed,Calmed,100,6309
3,96121,714,-1,5,Calmed,Calmed,100,6310
3,96123,714,-1,5,Calmed,Calmed,100,6311
3,96126,714,-1,5,Calmed,Calmed,100,6312
3,96128,714,-1,5,Calmed,Calmed,100,6313
3,96138,714,-1,5,Calmed,Calmed,100,6314
3,96140,714,-1,5,Calmed,Calmed,100,6315
3,96143,714,-1,5,Calmed,Calmed,100,6316
3,96145,714,-1,5,Calmed,Calmed,100,6317
3,96154,714,-1,5,Calmed,Calmed,100,6318
3,96157,714,-1,5,Calmed,Calmed,100,6319
3,96159,714,-1,5,Calmed,Calmed,100,6320
3,96161,714,-1,5,Calmed,Calmed,100,6321
3,96171,714,-1,5,Calmed,Calmed,100,6322
3,96173,714,-1,5,Calmed,Calmed,100,6323
3,96176,714,-1,5,Calmed,Calmed,100,6324
3,96178,714,-1,5,Calmed,Calmed,100,6325
3,96188,714,-1,5,Calmed,Calmed,100,6326
3,96190,714,-1,5,Calmed,Calmed,100,6327
3,96192,714,-1,5,Calmed,Calmed,100,6328
3,96195,714,-1,5,Calmed,Calmed,100,6329
3,96204,714,-1,5,Calmed,Calmed,100,6330
3,96207,714,-1,5,Calmed,Calmed,100,6331
3,96209,714,-1,5,Calmed,Calmed,100,6332
3,96211,714,-1,5,Calmed,Calmed,100,6333
3,96221,714,-1,5,Calmed,Calmed,100,6334
3,96223,714,-1,5,Calmed,Calmed,100,6335
3,96226,714,-1,5,Calmed,Calmed,100,6336
3,96228,714,-1,5,Calmed,Calmed,100,6337
3,96238,714,-1,5,Calmed,Calmed,100,6338
3,96240,714,-1,5,Calmed,Calmed,100,6339
3,96243,714,-1,5,Calmed,Calmed,100,6340
3,96245,714,-1,5,Calmed,Calmed,100,6341
3,96254,714,-1,5,Calmed,Calmed,100,6342
3,96257,714,-1,5,Calmed,Calmed,100,6343
3,96259,714,-1,5,Calmed,Calmed,100,6344
3,96261,714,-1,5,Calmed,Calmed,100,6345
3,96271,714,-1,5,Calmed,Calmed,100,6346
3,96273,714,-1,5,Calmed,Calmed,100,6347
3,96276,714,-1,5,Calmed,Calmed,100,6348
3,96278,714,-1,5,Calmed,Calmed,100,6349
3,96287,714,-1,5,Calmed,Calmed,100,6350
3,96290,714,-1,5,Calmed,Calmed,100,6351
3,96292,714,-1,5,Calmed,Calmed,100,6352
3,96294,714,-1,5,Calmed,Calmed,100,6353
3,96304,714,-1,5,Calmed,Calmed,100,6354
3,96307,714,-1,5,Calmed,Calmed,100,6355
3,96309,714,-1,5,Calmed,Calmed,100,6356
3,96312,714,-1,5,Calmed,Calmed,100,6357
3,96321,714,-1,5,Calmed,Calmed,100,6358
3,96323,714,-1,5,Calmed,Calmed,100,6359
3,96326,714,-1,5,Calmed,Calmed,100,6360
3,96328,714,-1,5,Calmed,Calmed,100,6361
3,96337,714,-1,5,Calmed,Calmed,100,6362
3,96340,714,-1,5,Calmed,Calmed,100,6363
3,96343,714,-1,5,Calmed,Calmed,100,6364
3,96345,714,-1,5,Calmed,Calmed,100,6365
3,96354,714,-1,5,Calmed,Calmed,100,6366
3,96357,714,-1,5,Calmed,Calmed,100,6367
3,96359,714,-1,5,Calmed,Calmed,100,6368
3,96361,714,-1,5,Calmed,Calmed,100,6369
3,96371,714,-1,5,Calmed,Calmed,100,6370
3,96373,714,-1,5,Calmed,Calmed,100,6371
3,96376,714,-1,5,Calmed,Calmed,100,6372
3,96378,714,-1,5,Calmed,Calmed,100,6373
3,96387,714,-1,5,Calmed,Calmed,100,6374
3,96390,714,-1,5,Calmed,Calmed,100,6375
3,96393,714,-1,5,Calmed,Calmed,100,6376
3,96395,714,-1,5,Calmed,Calmed,100,6377
3,96404,714,-1,5,Calmed,Calmed,100,6378
3,96407,714,-1,5,Calmed,Calmed,100,6379
3,96409,714,-1,5,Calmed,Calmed,100,6380
3,96411,714,-1,5,Calmed,Calmed,100,6381
3,96421,714,-1,5,Calmed,Calmed,100,6382
3,96423,714,-1,5,Calmed,Calmed,100,6383
3,96426,714,-1,5,Calmed,Calmed,100,6384
3,96428,714,-1,5,Calmed,Calmed,100,6385
3,96438,714,-1,5,Calmed,Calmed,100,6386
3,96440,714,-1,5,Calmed,Calmed,100,6387
3,96442,714,-1,5,Calmed,Calmed,100,6388
3,96445,714,-1,5,Calmed,Calmed,100,6389
3,96454,714,-1,5,Calmed,Calmed,100,6390
3,96457,714,-1,5,Calmed,Calmed,100,6391
3,96459,714,-1,5,Calmed,Calmed,100,6392
3,96462,714,-1,5,Calmed,Calmed,100,6393
3,96471,714,-1,5,Calmed,Calmed,100,6394
3,96473,714,-1,5,Calmed,Calmed,100,6395
3,96476,714,-1,5,Calmed,Calmed,100,6396
3,96478,714,-1,5,Calmed,Calmed,100,6397
3,96487,714,-1,5,Calmed,Calmed,100,6398
3,96490,714,-1,5,Calmed,Calmed,100,6399
3,96492,714,-1,5,Calmed,Calmed,100,6400
3,96495,714,-1,5,Calmed,Calmed,100,6401
3,96504,714,-1,5,Calmed,Calmed,100,6402
3,96507,714,-1,5,Calmed,Calmed,100,6403
3,96509,714,-1,5,Calmed,Calmed,100,6404
3,96512,714,-1,5,Calmed,Calmed,100,6405
3,96521,714,-1,5,Calmed,Calmed,100,6406
3,96523,714,-1,5,Calmed,Calmed,100,6407
3,96526,714,-1,5,Calmed,Calmed,100,6408
3,96528,714,-1,5,Calmed,Calmed,100,6409
3,96538,714,-1,5,Calmed,Calmed,100,6410
3,96540,714,-1,5,Calmed,Calmed,100,6411
3,96543,714,-1,5,Calmed,Calmed,100,6412
3,96545,714,-1,5,Calmed,Calmed,100,6413
3,96554,714,-1,5,Calmed,Calmed,100,6414
3,96557,714,-1,5,Calmed,Calmed,100,6415
3,96559,714,-1,5,Calmed,Calmed,100,6416
3,96562,714,-1,5,Calmed,Calmed,100,6417
3,96571,714,-1,5,Calmed,Calmed,100,6418
3,96573,714,-1,5,Calmed,Calmed,100,6419
3,96576,714,-1,5,Calmed,Calmed,100,6420
3,96578,714,-1,5,Calmed,Calmed,100,6421
3,96587,714,-1,5,Calmed,Calmed,100,6422
3,96590,714,-1,5,Calmed,Calmed,100,6423
3,96592,714,-1,5,Calmed,Calmed,100,6424
3,96595,714,-1,5,Calmed,Calmed,100,6425
3,96604,714,-1,5,Calmed,Calmed,100,6426
3,96607,714,-1,5,Calmed,Calmed,100,6427
3,96609,714,-1,5,Calmed,Calmed,100,6428
3,96611,714,-1,5,Calmed,Calmed,100,6429
3,96621,714,-1,5,Calmed,Calmed,100,6430
3,96623,714,-1,5,Calmed,Calmed,100,6431
3,96626,714,-1,5,Calmed,Calmed,100,6432
3,96628,714,-1,5,Calmed,Calmed,100,6433
3,96638,714,-1,5,Calmed,Calmed,100,6434
3,96640,714,-1,5,Calmed,Calmed,100,6435
3,96643,714,-1,5,Calmed,Calmed,100,6436
3,96645,714,-1,5,Calmed,Calmed,100,6437
3,96654,714,-1,5,Calmed,Calmed,100,6438
3,96657,714,-1,5,Calmed,Calmed,100,6439
3,96659,714,-1,5,Calmed,Calmed,100,6440
3,96662,714,-1,5,Calmed,Calmed,100,6441
3,96671,714,-1,5,Calmed,Calmed,100,6442
3,96673,714,-1,5,Calmed,Calmed,100,6443
3,96676,714,-1,5,Calmed,Calmed,100,6444
3,96678,714,-1,5,Calmed,Calmed,100,6445
3,96687,714,-1,5,Calmed,Calmed,100,6446
3,96690,714,-1,5,Calmed,Calmed,100,6447
3,96693,714,-1,5,Calmed,Calmed,100,6448
3,96695,714,-1,5,Calmed,Calmed,100,6449
3,96704,714,-1,5,Calmed,Calmed,100,6450
3,96707,714,-1,5,Calmed,Calmed,100,6451
3,96709,714,-1,5,Calmed,Calmed,100,6452
3,96711,714,-1,5,Calmed,Calmed,100,6453
3,96721,714,-1,5,Calmed,Calmed,100,6454
3,96723,714,-1,5,Calmed,Calmed,100,6455
3,96726,714,-1,5,Calmed,Calmed,100,6456
3,96728,714,-1,5,Calmed,Calmed,100,6457
3,96737,714,-1,5,Calmed,Calmed,100,6458
3,96740,714,-1,5,Calmed,Calmed,100,6459
3,96742,714,-1,5,Calmed,Calmed,100,6460
3,96745,714,-1,5,Calmed,Calmed,100,6461
3,96754,714,-1,5,Calmed,Calmed,100,6462
3,96757,714,-1,5,Calmed,Calmed,100,6463
3,96759,714,-1,5,Calmed,Calmed,100,6464
3,96761,714,-1,5,Calmed,Calmed,100,6465
3,96771,714,-1,5,Calmed,Calmed,100,6466
3,96773,714,-1,5,Calmed,Calmed,100,6467
3,96776,714,-1,5,Calmed,Calmed,100,6468
3,96778,714,-1,5,Calmed,Calmed,100,6469
3,96787,714,-1,5,Calmed,Calmed,100,6470
3,96790,714,-1,5,Calmed,Calmed,100,6471
3,96793,714,-1,5,Calmed,Calmed,100,6472
3,96795,714,-1,5,Calmed,Calmed,100,6473
3,96804,714,-1,5,Calmed,Calmed,100,6474
3,96807,714,-1,5,Calmed,Calmed,100,6475
3,96809,714,-1,5,Calmed,Calmed,100,6476
3,96811,714,-1,5,Calmed,Calmed,100,6477
3,96821,714,-1,5,Calmed,Calmed,100,6478
3,96823,714,-1,5,Calmed,Calmed,100,6479
3,96826,714,-1,5,Calmed,Calmed,100,6480
3,96828,714,-1,5,Calmed,Calmed,100,6481
3,96837,714,-1,5,Calmed,Calmed,100,6482
3,96840,714,-1,5,Calmed,Calmed,100,6483
3,96843,714,-1,5,Calmed,Calmed,100,6484
3,96845,714,-1,5,Calmed,Calmed,100,6485
3,96854,714,-1,5,Calmed,Calmed,100,6486
3,96857,714,0,5,Calmed,Calmed,100,6487
3,96859,714,0,5,Calmed,Calmed,100,6488
3,96861,714,0,5,Calmed,Calmed,100,6489
3,96871,714,0,5,Calmed,Calmed,100,6490
3,96873,714,0,5,Calmed,Calmed,100,6491
3,96876,714,0,5,Calmed,Calmed,100,6492
3,96878,714,0,5,Calmed,Calmed,100,6493
3,96887,714,0,5,Calmed,Calmed,100,6494
3,96890,714,0,5,Calmed,Calmed,100,6495
3,96893,714,0,5,Calmed,Calmed,100,6496
3,96895,714,0,5,Calmed,Calmed,100,6497
3,96904,714,0,5,Calmed,Calmed,100,6498
3,96907,714,0,5,Calmed,Calmed,100,6499
3,96909,714,-1,5,Calmed,Calmed,100,6500
3,96912,714,-1,5,Calmed,Calmed,100,6501
3,96921,714,-1,5,Calmed,Calmed,100,6502
3,96923,714,-1,5,Calmed,Calmed,100,6503
3,96926,714,-1,5,Calmed,Calmed,100,6504
3,96928,714,-1,5,Calmed,Calmed,100,6505
3,96937,714,-1,5,Calmed,Calmed,100,6506
3,96940,714,-1,5,Calmed,Calmed,100,6507
3,96942,714,-1,5,Calmed,Calmed,100,6508
3,96945,714,-1,5,Calmed,Calmed,100,6509
3,96954,714,-1,5,Calmed,Calmed,100,6510
3,96957,714,-1,5,Calmed,Calmed,100,6511
3,96959,714,-1,5,Calmed,Calmed,100,6512
3,96961,714,-1,5,Calmed,Calmed,100,6513
3,96971,714,-1,5,Calmed,Calmed,100,6514
3,96973,714,-1,5,Calmed,Calmed,100,6515
3,96976,714,-1,5,Calmed,Calmed,100,6516
3,96978,714,-1,5,Calmed,Calmed,100,6517
3,96987,714,-1,5,Calmed,Calmed,100,6518
3,96990,714,-1,5,Calmed,Calmed,100,6519
3,96992,714,-1,5,Calmed,Calmed,100,6520
3,96995,714,-1,5,Calmed,Calmed,100,6521
3,97004,714,-1,5,Calmed,Calmed,100,6522
3,97007,714,-1,5,Calmed,Calmed,100,6523
3,97009,714,-1,5,Calmed,Calmed,100,6524
3,97011,714,0,5,Calmed,Calmed,100,6525
3,97021,714,0,5,Calmed,Calmed,100,6526
3,97023,714,0,5,Calmed,Calmed,100,6527
3,97026,714,0,5,Calmed,Calmed,100,6528
3,97029,714,0,5,Calmed,Calmed,100,6529
3,97038,714,0,5,Calmed,Calmed,100,6530
3,97040,714,0,5,Calmed,Calmed,100,6531
3,97043,714,0,5,Calmed,Calmed,100,6532
3,97045,714,0,5,Calmed,Calmed,100,6533
3,97054,714,0,5,Calmed,Calmed,100,6534
3,97057,714,0,5,Calmed,Calmed,100,6535
3,97060,714,0,5,Calmed,Calmed,100,6536
3,97062,714,0,5,Calmed,Calmed,100,6537
3,97071,714,0,5,Calmed,Calmed,100,6538
3,97073,714,-1,5,Calmed,Calmed,100,6539
3,97076,714,-1,5,Calmed,Calmed,100,6540
3,97078,714,-1,5,Calmed,Calmed,100,6541
3,97087,714,-1,5,Calmed,Calmed,100,6542
3,97090,714,-1,5,Calmed,Calmed,100,6543
3,97092,714,-1,5,Calmed,Calmed,100,6544
3,97095,714,-1,5,Calmed,Calmed,100,6545
3,97104,714,-1,5,Calmed,Calmed,100,6546
3,97107,714,-1,5,Calmed,Calmed,100,6547
3,97109,714,-1,5,Calmed,Calmed,100,6548
3,97112,714,-1,5,Calmed,Calmed,100,6549
3,97121,714,-1,5,Calmed,Calmed,100,6550
3,97123,714,-1,5,Calmed,Calmed,100,6551
3,97126,714,-1,5,Calmed,Calmed,100,6552
3,97128,714,-1,5,Calmed,Calmed,100,6553
3,97138,714,-1,5,Calmed,Calmed,100,6554
3,97140,714,-1,5,Calmed,Calmed,100,6555
3,97143,714,-1,5,Calmed,Calmed,100,6556
3,97145,714,-1,5,Calmed,Calmed,100,6557
3,97154,714,-1,5,Calmed,Calmed,100,6558
3,97157,714,-1,5,Calmed,Calmed,100,6559
3,97159,714,-1,5,Calmed,Calmed,100,6560
3,97162,714,-1,5,Calmed,Calmed,100,6561
3,97171,714,-1,5,Calmed,Calmed,100,6562
3,97174,714,-1,5,Calmed,Calmed,100,6563
3,97176,714,-1,5,Calmed,Calmed,100,6564
3,97179,714,-1,5,Calmed,Calmed,100,6565
3,97188,714,-1,5,Calmed,Calmed,100,6566
3,97190,714,-1,5,Calmed,Calmed,100,6567
3,97193,714,-1,5,Calmed,Calmed,100,6568
3,97195,714,-1,5,Calmed,Calmed,100,6569
3,97204,714,-1,5,Calmed,Calmed,100,6570
3,97207,714,-1,5,Calmed,Calmed,100,6571
3,97209,714,-1,5,Calmed,Calmed,100,6572
3,97212,714,-1,5,Calmed,Calmed,100,6573
3,97221,714,-1,5,Calmed,Calmed,100,6574
3,97223,714,-1,5,Calmed,Calmed,100,6575
3,97226,714,-1,5,Calmed,Calmed,100,6576
3,97228,714,-1,5,Calmed,Calmed,100,6577
3,97238,714,-1,5,Calmed,Calmed,100,6578
3,97241,714,-1,5,Calmed,Calmed,100,6579
3,97244,714,-1,5,Calmed,Calmed,100,6580
3,97246,714,-1,5,Calmed,Calmed,100,6581
3,97254,714,-1,5,Calmed,Calmed,100,6582
3,97257,714,-1,5,Calmed,Calmed,100,6583
3,97260,714,-1,5,Calmed,Calmed,100,6584
3,97263,714,-1,5,Calmed,Calmed,100,6585
3,97271,714,-1,5,Calmed,Calmed,100,6586
3,97274,714,-1,5,Calmed,Calmed,100,6587
3,97276,714,-1,5,Calmed,Calmed,100,6588
3,97279,714,-1,5,Calmed,Calmed,100,6589
3,97288,714,-1,5,Calmed,Calmed,100,6590
3,97290,714,-1,5,Calmed,Calmed,100,6591
3,97292,714,-1,5,Calmed,Calmed,100,6592
3,97295,714,-1,5,Calmed,Calmed,100,6593
3,97304,714,-1,5,Calmed,Calmed,100,6594
3,97307,714,-1,5,Calmed,Calmed,100,6595
3,97310,714,-1,5,Calmed,Calmed,100,6596
3,97312,714,-1,5,Calmed,Calmed,100,6597
3,97321,714,-1,5,Calmed,Calmed,100,6598
3,97323,714,-1,5,Calmed,Calmed,100,6599
3,97326,714,-1,5,Calmed,Calmed,100,6600
3,97328,714,-1,5,Calmed,Calmed,100,6601
3,97338,714,-1,5,Calmed,Calmed,100,6602
3,97340,714,-1,5,Calmed,Calmed,100,6603
3,97343,714,-1,5,Calmed,Calmed,100,6604
3,97345,714,-1,5,Calmed,Calmed,100,6605
3,97354,714,-1,5,Calmed,Calmed,100,6606
3,97357,714,-1,5,Calmed,Calmed,100,6607
3,97359,714,-1,5,Calmed,Calmed,100,6608
3,97362,714,-1,5,Calmed,Calmed,100,6609
3,97371,714,-1,5,Calmed,Calmed,100,6610
3,97374,714,-1,5,Calmed,Calmed,100,6611
3,97376,714,-1,5,Calmed,Calmed,100,6612
3,97378,714,-1,5,Calmed,Calmed,100,6613
3,97387,714,-1,5,Calmed,Calmed,100,6614
3,97390,714,-1,5,Calmed,Calmed,100,6615
3,97392,714,-1,5,Calmed,Calmed,100,6616
3,97395,714,-1,5,Calmed,Calmed,100,6617
3,97404,714,-1,5,Calmed,Calmed,100,6618
3,97407,714,-1,5,Calmed,Calmed,100,6619
3,97409,714,-1,5,Calmed,Calmed,100,6620
3,97412,714,-1,5,Calmed,Calmed,100,6621
3,97421,714,-1,5,Calmed,Calmed,100,6622
3,97423,714,-1,5,Calmed,Calmed,100,6623
3,97426,714,-1,5,Calmed,Calmed,100,6624
3,97428,714,-1,5,Calmed,Calmed,100,6625
3,97437,714,-1,5,Calmed,Calmed,100,6626
3,97440,714,-1,5,Calmed,Calmed,100,6627
3,97442,714,-1,5,Calmed,Calmed,100,6628
3,97445,714,-1,5,Calmed,Calmed,100,6629
3,97454,714,-1,5,Calmed,Calmed,100,6630
3,97457,714,-1,5,Calmed,Calmed,100,6631
3,97459,714,-1,5,Calmed,Calmed,100,6632
3,97462,714,-1,5,Calmed,Calmed,100,6633
3,97471,714,-1,5,Calmed,Calmed,100,6634
3,97473,714,-1,5,Calmed,Calmed,100,6635
3,97476,714,0,5,Calmed,Calmed,100,6636
3,97478,714,0,5,Calmed,Calmed,100,6637
3,97487,714,0,5,Calmed,Calmed,100,6638
3,97490,714,0,5,Calmed,Calmed,100,6639
3,97492,714,0,5,Calmed,Calmed,100,6640
3,97495,714,0,5,Calmed,Calmed,100,6641
3,97504,714,0,5,Calmed,Calmed,100,6642
3,97507,714,0,5,Calmed,Calmed,100,6643
3,97509,714,0,5,Calmed,Calmed,100,6644
3,97512,714,0,5,Calmed,Calmed,100,6645
3,97521,714,0,5,Calmed,Calmed,100,6646
3,97523,714,0,5,Calmed,Calmed,100,6647
3,97526,714,-1,5,Calmed,Calmed,100,6648
3,97528,714,-1,5,Calmed,Calmed,100,6649
3,97538,714,-1,5,Calmed,Calmed,100,6650
3,97540,714,-1,5,Calmed,Calmed,100,6651
3,97542,714,-1,5,Calmed,Calmed,100,6652
3,97545,714,-1,5,Calmed,Calmed,100,6653
3,97554,714,-1,5,Calmed,Calmed,100,6654
3,97557,714,-1,5,Calmed,Calmed,100,6655
3,97559,714,-1,5,Calmed,Calmed,100,6656
3,97561,714,-1,5,Calmed,Calmed,100,6657
3,97571,714,-1,5,Calmed,Calmed,100,6658
3,97573,714,-1,5,Calmed,Calmed,100,6659
3,97576,714,-1,5,Calmed,Calmed,100,6660
3,97578,714,-1,5,Calmed,Calmed,100,6661
3,97587,714,-1,5,Calmed,Calmed,100,6662
3,97590,714,-1,5,Calmed,Calmed,100,6663
3,97592,714,-1,5,Calmed,Calmed,100,6664
3,97595,714,-1,5,Calmed,Calmed,100,6665
3,97604,714,-1,5,Calmed,Calmed,100,6666
3,97607,714,-1,5,Calmed,Calmed,100,6667
3,97609,714,-1,5,Calmed,Calmed,100,6668
3,97612,714,-1,5,Calmed,Calmed,100,6669
3,97621,714,-1,5,Calmed,Calmed,100,6670
3,97623,714,-1,5,Calmed,Calmed,100,6671
3,97626,714,-1,5,Calmed,Calmed,100,6672
3,97628,714,-1,5,Calmed,Calmed,100,6673
3,97637,714,-1,5,Calmed,Calmed,100,6674
3,97640,714,-1,5,Calmed,Calmed,100,6675
3,97643,714,-1,5,Calmed,Calmed,100,6676
3,97645,714,-1,5,Calmed,Calmed,100,6677
3,97654,714,-1,5,Calmed,Calmed,100,6678
3,97657,714,-1,5,Calmed,Calmed,100,6679
3,97659,714,-1,5,Calmed,Calmed,100,6680
3,97661,714,-1,5,Calmed,Calmed,100,6681
3,97671,714,-1,5,Calmed,Calmed,100,6682
3,97673,714,-1,5,Calmed,Calmed,100,6683
3,97676,714,-1,5,Calmed,Calmed,100,6684
3,97678,714,-1,5,Calmed,Calmed,100,6685
3,97687,714,0,5,Calmed,Calmed,100,6686
3,97690,714,0,5,Calmed,Calmed,100,6687
3,97692,714,0,5,Calmed,Calmed,100,6688
3,97695,714,0,5,Calmed,Calmed,100,6689
3,97704,714,0,5,Calmed,Calmed,100,6690
3,97707,714,0,5,Calmed,Calmed,100,6691
3,97709,714,0,5,Calmed,Calmed,100,6692
3,97712,714,0,5,Calmed,Calmed,100,6693
3,97721,714,0,5,Calmed,Calmed,100,6694
3,97723,714,0,5,Calmed,Calmed,100,6695
3,97726,714,0,5,Calmed,Calmed,100,6696
3,97728,714,0,5,Calmed,Calmed,100,6697
3,97737,714,0,5,Calmed,Calmed,100,6698
3,97740,714,0,5,Calmed,Calmed,100,6699
3,97743,714,0,5,Calmed,Calmed,100,6700
3,97745,714,0,5,Calmed,Calmed,100,6701
3,97754,714,0,5,Calmed,Calmed,100,6702
3,97757,714,0,5,Calmed,Calmed,100,6703
3,97759,714,0,5,Calmed,Calmed,100,6704
3,97762,714,0,5,Calmed,Calmed,100,6705
3,97771,714,0,5,Calmed,Calmed,100,6706
3,97773,714,0,5,Calmed,Calmed,100,6707
3,97776,714,0,5,Calmed,Calmed,100,6708
3,97778,714,0,5,Calmed,Calmed,100,6709
3,97787,714,0,5,Calmed,Calmed,100,6710
3,97790,714,0,5,Calmed,Calmed,100,6711
3,97793,714,0,5,Calmed,Calmed,100,6712
3,97795,714,0,5,Calmed,Calmed,100,6713
3,97804,714,0,5,Calmed,Calmed,100,6714
3,97807,714,0,5,Calmed,Calmed,100,6715
3,97809,714,0,5,Calmed,Calmed,100,6716
3,97811,714,0,5,Calmed,Calmed,100,6717
3,97821,714,0,5,Calmed,Calmed,100,6718
3,97823,714,0,5,Calmed,Calmed,100,6719
3,97826,714,0,5,Calmed,Calmed,100,6720
3,97828,714,0,5,Calmed,Calmed,100,6721
3,97838,714,0,5,Calmed,Calmed,100,6722
3,97840,714,-1,5,Calmed,Calmed,100,6723
3,97843,714,-1,5,Calmed,Calmed,100,6724
3,97845,714,-1,5,Calmed,Calmed,100,6725
3,97854,714,-1,5,Calmed,Calmed,100,6726
3,97857,714,-1,5,Calmed,Calmed,100,6727
3,97859,714,-1,5,Calmed,Calmed,100,6728
3,97861,714,-1,5,Calmed,Calmed,100,6729
3,97871,714,-1,5,Calmed,Calmed,100,6730
3,97873,714,-1,5,Calmed,Calmed,100,6731
3,97876,714,-1,5,Calmed,Calmed,100,6732
3,97878,714,-1,5,Calmed,Calmed,100,6733
3,97887,714,-1,5,Calmed,Calmed,100,6734
3,97890,714,0,5,Calmed,Calmed,100,6735
3,97893,714,0,5,Calmed,Calmed,100,6736
3,97895,714,0,5,Calmed,Calmed,100,6737
3,97904,714,0,5,Calmed,Calmed,100,6738
3,97907,714,0,5,Calmed,Calmed,100,6739
3,97909,714,0,5,Calmed,Calmed,100,6740
3,97911,714,0,5,Calmed,Calmed,100,6741
3,97921,714,0,5,Calmed,Calmed,100,6742
3,97923,714,0,5,Calmed,Calmed,100,6743
3,97926,714,0,5,Calmed,Calmed,100,6744
3,97928,714,0,5,Calmed,Calmed,100,6745
3,97937,714,0,5,Calmed,Calmed,100,6746
3,97940,714,0,5,Calmed,Calmed,100,6747
3,97942,714,0,5,Calmed,Calmed,100,6748
3,97945,714,0,5,Calmed,Calmed,100,6749
3,97954,714,0,5,Calmed,Calmed,100,6750
3,97957,714,0,5,Calmed,Calmed,100,6751
3,97959,714,0,5,Calmed,Calmed,100,6752
3,97961,714,0,5,Calmed,Calmed,100,6753
3,97971,714,0,5,Calmed,Calmed,100,6754
3,97973,714,0,5,Calmed,Calmed,100,6755
3,97976,714,0,5,Calmed,Calmed,100,6756
3,97978,714,0,5,Calmed,Calmed,100,6757
3,97988,714,0,5,Calmed,Calmed,100,6758
3,97990,714,-1,5,Calmed,Calmed,100,6759
3,97992,714,-1,5,Calmed,Calmed,100,6760
3,97995,714,-1,5,Calmed,Calmed,100,6761
3,98004,714,-1,5,Calmed,Calmed,100,6762
3,98007,714,-1,5,Calmed,Calmed,100,6763
3,98009,714,-1,5,Calmed,Calmed,100,6764
3,98011,714,-1,5,Calmed,Calmed,100,6765
3,98021,714,-1,5,Calmed,Calmed,100,6766
3,98023,714,-1,5,Calmed,Calmed,100,6767
3,98026,714,-1,5,Calmed,Calmed,100,6768
3,98028,714,-1,5,Calmed,Calmed,100,6769
3,98037,714,-1,5,Calmed,Calmed,100,6770
3,98040,714,0,5,Calmed,Calmed,100,6771
3,98042,714,0,5,Calmed,Calmed,100,6772
3,98045,714,0,5,Calmed,Calmed,100,6773
3,98054,714,0,5,Calmed,Calmed,100,6774
3,98057,714,0,5,Calmed,Calmed,100,6775
3,98059,714,0,5,Calmed,Calmed,100,6776
3,98061,714,0,5,Calmed,Calmed,100,6777
3,98071,714,0,5,Calmed,Calmed,100,6778
3,98073,714,0,5,Calmed,Calmed,100,6779
3,98076,714,0,5,Calmed,Calmed,100,6780
3,98078,714,0,5,Calmed,Calmed,100,6781
3,98088,714,0,5,Calmed,Calmed,100,6782
3,98090,714,0,5,Calmed,Calmed,100,6783
3,98093,714,0,5,Calmed,Calmed,100,6784
3,98095,714,0,5,Calmed,Calmed,100,6785
3,98104,714,0,5,Calmed,Calmed,100,6786
3,98107,714,0,5,Calmed,Calmed,100,6787
3,98109,714,0,5,Calmed,Calmed,100,6788
3,98112,714,0,5,Calmed,Calmed,100,6789
3,98121,714,0,5,Calmed,Calmed,100,6790
3,98123,714,0,5,Calmed,Calmed,100,6791
3,98126,714,0,5,Calmed,Calmed,100,6792
3,98128,714,0,5,Calmed,Calmed,100,6793
3,98137,714,0,5,Calmed,Calmed,100,6794
3,98140,714,0,5,Calmed,Calmed,100,6795
3,98143,714,0,5,Calmed,Calmed,100,6796
3,98145,714,0,5,Calmed,Calmed,100,6797
3,98154,714,0,5,Calmed,Calmed,100,6798
3,98157,714,0,5,Calmed,Calmed,100,6799
3,98159,714,0,5,Calmed,Calmed,100,6800
3,98161,714,0,5,Calmed,Calmed,100,6801
3,98171,714,0,5,Calmed,Calmed,100,6802
3,98173,714,0,5,Calmed,Calmed,100,6803
3,98176,714,0,5,Calmed,Calmed,100,6804
3,98178,714,0,5,Calmed,Calmed,100,6805
3,98187,714,0,5,Calmed,Calmed,100,6806
3,98190,714,0,5,Calmed,Calmed,100,6807
3,98193,714,0,5,Calmed,Calmed,100,6808
3,98195,714,0,5,Calmed,Calmed,100,6809
3,98204,714,0,5,Calmed,Calmed,100,6810
3,98207,714,0,5,Calmed,Calmed,100,6811
3,98209,714,0,5,Calmed,Calmed,100,6812
3,98211,714,0,5,Calmed,Calmed,100,6813
3,98221,714,0,5,Calmed,Calmed,100,6814
3,98223,714,0,5,Calmed,Calmed,100,6815
3,98226,714,0,5,Calmed,Calmed,100,6816
3,98228,714,0,5,Calmed,Calmed,100,6817
3,98237,714,0,5,Calmed,Calmed,100,6818
3,98240,714,0,5,Calmed,Calmed,100,6819
3,98243,714,0,5,Calmed,Calmed,100,6820
3,98245,714,0,5,Calmed,Calmed,100,6821
3,98254,714,0,5,Calmed,Calmed,100,6822
3,98257,714,0,5,Calmed,Calmed,100,6823
3,98259,714,0,5,Calmed,Calmed,100,6824
3,98261,714,0,5,Calmed,Calmed,100,6825
3,98271,714,0,5,Calmed,Calmed,100,6826
3,98273,714,0,5,Calmed,Calmed,100,6827
3,98276,714,0,5,Calmed,Calmed,100,6828
3,98278,714,0,5,Calmed,Calmed,100,6829
3,98287,714,0,5,Calmed,Calmed,100,6830
3,98290,714,0,5,Calmed,Calmed,100,6831
3,98293,714,0,5,Calmed,Calmed,100,6832
3,98295,714,0,5,Calmed,Calmed,100,6833
3,98304,714,0,5,Calmed,Calmed,100,6834
3,98307,714,0,5,Calmed,Calmed,100,6835
3,98309,714,0,5,Calmed,Calmed,100,6836
3,98312,714,0,5,Calmed,Calmed,100,6837
3,98321,714,0,5,Calmed,Calmed,100,6838
3,98323,714,0,5,Calmed,Calmed,100,6839
3,98326,714,0,5,Calmed,Calmed,100,6840
3,98328,714,0,5,Calmed,Calmed,100,6841
3,98337,714,0,5,Calmed,Calmed,100,6842
3,98340,714,0,5,Calmed,Calmed,100,6843
3,98342,714,0,5,Calmed,Calmed,100,6844
3,98345,714,0,5,Calmed,Calmed,100,6845
3,98354,714,0,5,Calmed,Calmed,100,6846
3,98357,714,0,5,Calmed,Calmed,100,6847
3,98359,714,0,5,Calmed,Calmed,100,6848
3,98361,714,0,5,Calmed,Calmed,100,6849
3,98371,714,0,5,Calmed,Calmed,100,6850
3,98373,714,0,5,Calmed,Calmed,100,6851
3,98376,714,0,5,Calmed,Calmed,100,6852
3,98378,714,0,5,Calmed,Calmed,100,6853
3,98387,714,0,5,Calmed,Calmed,100,6854
3,98390,714,0,5,Calmed,Calmed,100,6855
3,98393,714,0,5,Calmed,Calmed,100,6856
3,98395,714,0,5,Calmed,Calmed,100,6857
3,98404,714,0,5,Calmed,Calmed,100,6858
3,98407,714,0,5,Calmed,Calmed,100,6859
3,98409,714,0,5,Calmed,Calmed,100,6860
3,98412,714,0,5,Calmed,Calmed,100,6861
3,98421,714,0,5,Calmed,Calmed,100,6862
3,98423,714,0,5,Calmed,Calmed,100,6863
3,98426,714,0,5,Calmed,Calmed,100,6864
3,98428,714,0,5,Calmed,Calmed,100,6865
3,98437,714,0,5,Calmed,Calmed,100,6866
3,98440,714,0,5,Calmed,Calmed,100,6867
3,98442,714,0,5,Calmed,Calmed,100,6868
3,98445,714,0,5,Calmed,Calmed,100,6869
3,98454,714,0,5,Calmed,Calmed,100,6870
3,98457,714,0,5,Calmed,Calmed,100,6871
3,98459,714,0,5,Calmed,Calmed,100,6872
3,98462,714,0,5,Calmed,Calmed,100,6873
3,98471,714,0,5,Calmed,Calmed,100,6874
3,98473,714,0,5,Calmed,Calmed,100,6875
3,98476,714,0,5,Calmed,Calmed,100,6876
3,98478,714,0,5,Calmed,Calmed,100,6877
3,98487,714,0,5,Calmed,Calmed,100,6878
3,98490,714,0,5,Calmed,Calmed,100,6879
3,98492,714,0,5,Calmed,Calmed,100,6880
3,98495,714,0,5,Calmed,Calmed,100,6881
3,98504,714,0,5,Calmed,Calmed,100,6882
3,98506,714,0,5,Calmed,Calmed,100,6883
3,98509,714,0,5,Calmed,Calmed,100,6884
3,98511,714,0,5,Calmed,Calmed,100,6885
3,98521,714,0,5,Calmed,Calmed,100,6886
3,98523,714,0,5,Calmed,Calmed,100,6887
3,98526,714,0,5,Calmed,Calmed,100,6888
3,98528,714,0,5,Calmed,Calmed,100,6889
3,98537,714,0,5,Calmed,Calmed,100,6890
3,98540,714,0,5,Calmed,Calmed,100,6891
3,98542,714,0,5,Calmed,Calmed,100,6892
3,98545,714,0,5,Calmed,Calmed,100,6893
3,98554,714,0,5,Calmed,Calmed,100,6894
3,98556,714,0,5,Calmed,Calmed,100,6895
3,98559,714,0,5,Calmed,Calmed,100,6896
3,98562,714,0,5,Calmed,Calmed,100,6897
3,98571,714,0,5,Calmed,Calmed,100,6898
3,98573,714,0,5,Calmed,Calmed,100,6899
3,98575,714,0,5,Calmed,Calmed,100,6900
3,98578,714,0,5,Calmed,Calmed,100,6901
3,98587,714,0,5,Calmed,Calmed,100,6902
3,98590,714,0,5,Calmed,Calmed,100,6903
3,98593,714,0,5,Calmed,Calmed,100,6904
3,98595,714,0,5,Calmed,Calmed,100,6905
3,98604,714,0,5,Calmed,Calmed,100,6906
3,98607,714,0,5,Calmed,Calmed,100,6907
3,98609,714,0,5,Calmed,Calmed,100,6908
3,98612,714,0,5,Calmed,Calmed,100,6909
3,98621,714,0,5,Calmed,Calmed,100,6910
3,98623,714,0,5,Calmed,Calmed,100,6911
3,98626,714,0,5,Calmed,Calmed,100,6912
3,98628,714,0,5,Calmed,Calmed,100,6913
3,98637,714,0,5,Calmed,Calmed,100,6914
3,98640,714,0,5,Calmed,Calmed,100,6915
3,98643,714,0,5,Calmed,Calmed,100,6916
3,98645,714,0,5,Calmed,Calmed,100,6917
3,98654,714,0,5,Calmed,Calmed,100,6918
3,98657,714,0,5,Calmed,Calmed,100,6919
3,98659,714,0,5,Calmed,Calmed,100,6920
3,98662,714,0,5,Calmed,Calmed,100,6921
3,98671,714,0,5,Calmed,Calmed,100,6922
3,98674,714,0,5,Calmed,Calmed,100,6923
3,98676,714,0,5,Calmed,Calmed,100,6924
3,98678,714,0,5,Calmed,Calmed,100,6925
3,98688,714,0,5,Calmed,Calmed,100,6926
3,98690,714,0,5,Calmed,Calmed,100,6927
3,98693,714,0,5,Calmed,Calmed,100,6928
3,98695,714,0,5,Calmed,Calmed,100,6929
3,98704,714,0,5,Calmed,Calmed,100,6930
3,98707,714,0,5,Calmed,Calmed,100,6931
3,98709,714,0,5,Calmed,Calmed,100,6932
3,98711,714,0,5,Calmed,Calmed,100,6933
3,98721,714,0,5,Calmed,Calmed,100,6934
3,98723,714,0,5,Calmed,Calmed,100,6935
3,98726,714,0,5,Calmed,Calmed,100,6936
3,98728,714,0,5,Calmed,Calmed,100,6937
3,98737,714,0,5,Calmed,Calmed,100,6938
3,98740,714,0,5,Calmed,Calmed,100,6939
3,98743,714,0,5,Calmed,Calmed,100,6940
3,98745,714,0,5,Calmed,Calmed,100,6941
3,98754,714,0,5,Calmed,Calmed,100,6942
3,98757,714,0,5,Calmed,Calmed,100,6943
3,98759,714,0,5,Calmed,Calmed,100,6944
3,98761,714,0,5,Calmed,Calmed,100,6945
3,98771,714,0,5,Calmed,Calmed,100,6946
3,98773,714,0,5,Calmed,Calmed,100,6947
3,98776,714,0,5,Calmed,Calmed,100,6948
3,98778,714,0,5,Calmed,Calmed,100,6949
3,98787,714,0,5,Calmed,Calmed,100,6950
3,98790,714,0,5,Calmed,Calmed,100,6951
3,98792,714,0,5,Calmed,Calmed,100,6952
3,98795,714,0,5,Calmed,Calmed,100,6953
3,98804,714,0,5,Calmed,Calmed,100,6954
3,98807,714,0,5,Calmed,Calmed,100,6955
3,98809,714,0,5,Calmed,Calmed,100,6956
3,98811,714,0,5,Calmed,Calmed,100,6957
3,98821,714,0,5,Calmed,Calmed,100,6958
3,98823,714,0,5,Calmed,Calmed,100,6959
3,98826,714,0,5,Calmed,Calmed,100,6960
3,98828,714,0,5,Calmed,Calmed,100,6961
3,98837,714,0,5,Calmed,Calmed,100,6962
3,98840,714,0,5,Calmed,Calmed,100,6963
3,98842,714,0,5,Calmed,Calmed,100,6964
3,98845,714,0,5,Calmed,Calmed,100,6965
3,98854,714,0,5,Calmed,Calmed,100,6966
3,98857,714,0,5,Calmed,Calmed,100,6967
3,98859,714,0,5,Calmed,Calmed,100,6968
3,98861,714,0,5,Calmed,Calmed,100,6969
3,98871,714,0,5,Calmed,Calmed,100,6970
3,98873,714,0,5,Calmed,Calmed,100,6971
3,98876,714,0,5,Calmed,Calmed,100,6972
3,98878,714,0,5,Calmed,Calmed,100,6973
3,98887,714,0,5,Calmed,Calmed,100,6974
3,98890,714,0,5,Calmed,Calmed,100,6975
3,98893,714,0,5,Calmed,Calmed,100,6976
3,98895,714,0,5,Calmed,Calmed,100,6977
3,98904,714,0,5,Calmed,Calmed,100,6978
3,98907,714,0,5,Calmed,Calmed,100,6979
3,98909,714,0,5,Calmed,Calmed,100,6980
3,98912,713,-1,5,Calmed,Calmed,100,6981
3,98921,713,-1,5,Calmed,Calmed,100,6982
3,98923,713,-1,5,Calmed,Calmed,100,6983
3,98926,713,-1,5,Calmed,Calmed,100,6984
3,98928,713,-1,5,Calmed,Calmed,100,6985
3,98937,713,-1,5,Calmed,Calmed,100,6986
3,98940,713,-1,5,Calmed,Calmed,100,6987
3,98942,713,-1,5,Calmed,Calmed,100,6988
3,98945,713,-1,5,Calmed,Calmed,100,6989
3,98954,713,-1,5,Calmed,Calmed,100,6990
3,98957,713,-1,5,Calmed,Calmed,100,6991
3,98959,713,-1,5,Calmed,Calmed,100,6992
3,98962,714,0,5,Calmed,Calmed,100,6993
3,98971,714,0,5,Calmed,Calmed,100,6994
3,98973,714,0,5,Calmed,Calmed,100,6995
3,98976,714,0,5,Calmed,Calmed,100,6996
3,98979,714,0,5,Calmed,Calmed,100,6997
3,98987,714,0,5,Calmed,Calmed,100,6998
3,98990,714,0,5,Calmed,Calmed,100,6999
3,98992,714,0,5,Calmed,Calmed,100,7000
3,98995,714,0,5,Calmed,Calmed,100,7001
3,99004,714,0,5,Calmed,Calmed,100,7002
3,99007,714,0,5,Calmed,Calmed,100,7003
3,99009,714,0,5,Calmed,Calmed,100,7004
3,99011,714,0,5,Calmed,Calmed,100,7005
3,99021,714,0,5,Calmed,Calmed,100,7006
3,99023,714,0,5,Calmed,Calmed,100,7007
3,99026,714,0,5,Calmed,Calmed,100,7008
3,99028,714,0,5,Calmed,Calmed,100,7009
3,99038,714,0,5,Calmed,Calmed,100,7010
3,99040,714,0,5,Calmed,Calmed,100,7011
3,99043,714,0,5,Calmed,Calmed,100,7012
3,99045,714,0,5,Calmed,Calmed,100,7013
3,99054,714,0,5,Calmed,Calmed,100,7014
3,99057,714,0,5,Calmed,Calmed,100,7015
3,99059,714,0,5,Calmed,Calmed,100,7016
3,99062,714,0,5,Calmed,Calmed,100,7017
3,99071,714,0,5,Calmed,Calmed,100,7018
3,99073,714,0,5,Calmed,Calmed,100,7019
3,99076,714,0,5,Calmed,Calmed,100,7020
3,99079,714,0,5,Calmed,Calmed,100,7021
3,99087,714,0,5,Calmed,Calmed,100,7022
3,99090,714,0,5,Calmed,Calmed,100,7023
3,99092,714,0,5,Calmed,Calmed,100,7024
3,99095,714,0,5,Calmed,Calmed,100,7025
3,99104,714,0,5,Calmed,Calmed,100,7026
3,99107,714,0,5,Calmed,Calmed,100,7027
3,99109,714,0,5,Calmed,Calmed,100,7028
3,99112,714,0,5,Calmed,Calmed,100,7029
3,99121,714,0,5,Calmed,Calmed,100,7030
3,99123,714,0,5,Calmed,Calmed,100,7031
3,99126,714,0,5,Calmed,Calmed,100,7032
3,99128,714,0,5,Calmed,Calmed,100,7033
3,99137,714,0,5,Calmed,Calmed,100,7034
3,99140,714,0,5,Calmed,Calmed,100,7035
3,99142,714,0,5,Calmed,Calmed,100,7036
3,99145,714,0,5,Calmed,Calmed,100,7037
3,99154,714,0,5,Calmed,Calmed,100,7038
3,99157,714,0,5,Calmed,Calmed,100,7039
3,99159,714,0,5,Calmed,Calmed,100,7040
3,99161,714,0,5,Calmed,Calmed,100,7041
3,99171,714,0,5,Calmed,Calmed,100,7042
3,99173,713,-1,5,Calmed,Calmed,100,7043
3,99175,713,-1,5,Calmed,Calmed,100,7044
3,99178,713,-1,5,Calmed,Calmed,100,7045
3,99187,713,-1,5,Calmed,Calmed,100,7046
3,99190,713,-1,5,Calmed,Calmed,100,7047
3,99192,713,-1,5,Calmed,Calmed,100,7048
3,99195,713,-1,5,Calmed,Calmed,100,7049
3,99204,713,-1,5,Calmed,Calmed,100,7050
3,99207,713,-1,5,Calmed,Calmed,100,7051
3,99209,713,-1,5,Calmed,Calmed,100,7052
3,99211,713,-1,5,Calmed,Calmed,100,7053
3,99221,713,-1,5,Calmed,Calmed,100,7054
3,99223,714,0,5,Calmed,Calmed,100,7055
3,99226,714,0,5,Calmed,Calmed,100,7056
3,99228,714,0,5,Calmed,Calmed,100,7057
3,99237,714,0,5,Calmed,Calmed,100,7058
3,99240,714,0,5,Calmed,Calmed,100,7059
3,99242,714,0,5,Calmed,Calmed,100,7060
3,99244,714,0,5,Calmed,Calmed,100,7061
3,99254,714,0,5,Calmed,Calmed,100,7062
3,99257,714,0,5,Calmed,Calmed,100,7063
3,99259,714,0,5,Calmed,Calmed,100,7064
3,99262,714,0,5,Calmed,Calmed,100,7065
3,99271,714,0,5,Calmed,Calmed,100,7066
3,99273,713,-1,5,Calmed,Calmed,100,7067
3,99276,713,-1,5,Calmed,Calmed,100,7068
3,99278,713,-1,5,Calmed,Calmed,100,7069
3,99287,713,-1,5,Calmed,Calmed,100,7070
3,99290,713,-1,5,Calmed,Calmed,100,7071
3,99293,713,-1,5,Calmed,Calmed,100,7072
3,99295,713,-1,5,Calmed,Calmed,100,7073
3,99304,713,-1,5,Calmed,Calmed,100,7074
3,99307,713,-1,5,Calmed,Calmed,100,7075
3,99309,713,-1,5,Calmed,Calmed,100,7076
3,99311,713,-1,5,Calmed,Calmed,100,7077
3,99321,713,-1,5,Calmed,Calmed,100,7078
3,99323,713,-1,5,Calmed,Calmed,100,7079
3,99325,713,-1,5,Calmed,Calmed,100,7080
3,99327,713,-1,5,Calmed,Calmed,100,7081
3,99330,713,-1,5,Calmed,Calmed,100,7082
3,99337,713,-1,5,Calmed,Calmed,100,7083
3,99340,713,-1,5,Calmed,Calmed,100,7084
3,99342,713,-1,5,Calmed,Calmed,100,7085
3,99345,713,-1,5,Calmed,Calmed,100,7086
3,99354,713,-1,5,Calmed,Calmed,100,7087
3,99357,713,-1,5,Calmed,Calmed,100,7088
3,99359,713,-1,5,Calmed,Calmed,100,7089
3,99362,713,-1,5,Calmed,Calmed,100,7090
3,99371,713,-1,5,Calmed,Calmed,100,7091
3,99373,713,-1,5,Calmed,Calmed,100,7092
3,99376,714,0,5,Calmed,Calmed,100,7093
3,99378,714,0,5,Calmed,Calmed,100,7094
3,99387,714,0,5,Calmed,Calmed,100,7095
3,99390,714,0,5,Calmed,Calmed,100,7096
3,99393,714,0,5,Calmed,Calmed,100,7097
3,99395,714,0,5,Calmed,Calmed,100,7098
3,99404,714,0,5,Calmed,Calmed,100,7099
3,99407,714,0,5,Calmed,Calmed,100,7100
3,99409,714,0,5,Calmed,Calmed,100,7101
3,99412,714,0,5,Calmed,Calmed,100,7102
3,99421,714,0,5,Calmed,Calmed,100,7103
3,99423,714,0,5,Calmed,Calmed,100,7104
3,99426,714,0,5,Calmed,Calmed,100,7105
3,99428,714,0,5,Calmed,Calmed,100,7106
3,99437,714,0,5,Calmed,Calmed,100,7107
3,99440,714,0,5,Calmed,Calmed,100,7108
3,99442,714,0,5,Calmed,Calmed,100,7109
3,99445,714,0,5,Calmed,Calmed,100,7110
3,99454,714,0,5,Calmed,Calmed,100,7111
3,99457,714,0,5,Calmed,Calmed,100,7112
3,99459,714,0,5,Calmed,Calmed,100,7113
3,99462,714,0,5,Calmed,Calmed,100,7114
3,99471,714,0,5,Calmed,Calmed,100,7115
3,99473,714,0,5,Calmed,Calmed,100,7116
3,99476,714,0,5,Calmed,Calmed,100,7117
3,99478,713,-1,5,Calmed,Calmed,100,7118
3,99487,713,-1,5,Calmed,Calmed,100,7119
3,99490,713,-1,5,Calmed,Calmed,100,7120
3,99492,713,-1,5,Calmed,Calmed,100,7121
3,99495,713,-1,5,Calmed,Calmed,100,7122
3,99504,713,-1,5,Calmed,Calmed,100,7123
3,99507,713,-1,5,Calmed,Calmed,100,7124
3,99509,713,-1,5,Calmed,Calmed,100,7125
3,99511,713,-1,5,Calmed,Calmed,100,7126
3,99521,713,-1,5,Calmed,Calmed,100,7127
3,99523,713,-1,5,Calmed,Calmed,100,7128
3,99526,713,-1,5,Calmed,Calmed,100,7129
3,99528,714,0,5,Calmed,Calmed,100,7130
3,99537,714,0,5,Calmed,Calmed,100,7131
3,99540,714,0,5,Calmed,Calmed,100,7132
3,99542,714,0,5,Calmed,Calmed,100,7133
3,99545,714,0,5,Calmed,Calmed,100,7134
3,99554,714,0,5,Calmed,Calmed,100,7135
3,99557,714,0,5,Calmed,Calmed,100,7136
3,99559,714,0,5,Calmed,Calmed,100,7137
3,99561,714,0,5,Calmed,Calmed,100,7138
3,99571,714,0,5,Calmed,Calmed,100,7139
3,99574,714,0,5,Calmed,Calmed,100,7140
3,99576,714,0,5,Calmed,Calmed,100,7141
3,99578,714,0,5,Calmed,Calmed,100,7142
3,99588,713,-1,5,Calmed,Calmed,100,7143
3,99590,713,-1,5,Calmed,Calmed,100,7144
3,99593,713,-1,5,Calmed,Calmed,100,7145
3,99595,713,-1,5,Calmed,Calmed,100,7146
3,99604,713,-1,5,Calmed,Calmed,100,7147
3,99607,713,-1,5,Calmed,Calmed,100,7148
3,99609,713,-1,5,Calmed,Calmed,100,7149
3,99611,713,-1,5,Calmed,Calmed,100,7150
3,99621,713,-1,5,Calmed,Calmed,100,7151
3,99623,713,-1,5,Calmed,Calmed,100,7152
3,99626,713,-1,5,Calmed,Calmed,100,7153
3,99628,713,-1,5,Calmed,Calmed,100,7154
3,99637,713,-1,5,Calmed,Calmed,100,7155
3,99640,713,-1,5,Calmed,Calmed,100,7156
3,99642,713,-1,5,Calmed,Calmed,100,7157
3,99645,713,-1,5,Calmed,Calmed,100,7158
3,99654,713,-1,5,Calmed,Calmed,100,7159
3,99657,713,-1,5,Calmed,Calmed,100,7160
3,99659,713,-1,5,Calmed,Calmed,100,7161
3,99661,713,-1,5,Calmed,Calmed,100,7162
3,99671,713,-1,5,Calmed,Calmed,100,7163
3,99673,713,-1,5,Calmed,Calmed,100,7164
3,99676,713,-1,5,Calmed,Calmed,100,7165
3,99678,713,-1,5,Calmed,Calmed,100,7166
3,99687,713,-1,5,Calmed,Calmed,100,7167
3,99690,713,-1,5,Calmed,Calmed,100,7168
3,99693,713,-1,5,Calmed,Calmed,100,7169
3,99695,713,-1,5,Calmed,Calmed,100,7170
3,99704,713,-1,5,Calmed,Calmed,100,7171
3,99706,713,-1,5,Calmed,Calmed,100,7172
3,99709,713,-1,5,Calmed,Calmed,100,7173
3,99711,713,-1,5,Calmed,Calmed,100,7174
3,99721,713,-1,5,Calmed,Calmed,100,7175
3,99723,713,-1,5,Calmed,Calmed,100,7176
3,99726,713,-1,5,Calmed,Calmed,100,7177
3,99728,713,-1,5,Calmed,Calmed,100,7178
3,99737,713,-1,5,Calmed,Calmed,100,7179
3,99740,714,0,5,Calmed,Calmed,100,7180
3,99742,714,0,5,Calmed,Calmed,100,7181
3,99744,714,0,5,Calmed,Calmed,100,7182
3,99754,714,0,5,Calmed,Calmed,100,7183
3,99757,714,0,5,Calmed,Calmed,100,7184
3,99759,714,0,5,Calmed,Calmed,100,7185
3,99761,714,0,5,Calmed,Calmed,100,7186
3,99771,714,0,5,Calmed,Calmed,100,7187
3,99773,714,0,5,Calmed,Calmed,100,7188
3,99776,714,0,5,Calmed,Calmed,100,7189
3,99778,714,0,5,Calmed,Calmed,100,7190
3,99787,714,0,5,Calmed,Calmed,100,7191
3,99790,714,0,5,Calmed,Calmed,100,7192
3,99793,714,0,5,Calmed,Calmed,100,7193
3,99795,714,0,5,Calmed,Calmed,100,7194
3,99804,714,0,5,Calmed,Calmed,100,7195
3,99807,714,0,5,Calmed,Calmed,100,7196
3,99809,714,0,5,Calmed,Calmed,100,7197
3,99812,714,0,5,Calmed,Calmed,100,7198
3,99821,714,0,5,Calmed,Calmed,100,7199
3,99823,714,0,5,Calmed,Calmed,100,7200
3,99826,714,0,5,Calmed,Calmed,100,7201
3,99828,714,0,5,Calmed,Calmed,100,7202
3,99837,714,0,5,Calmed,Calmed,100,7203
3,99840,713,-1,5,Calmed,Calmed,100,7204
3,99842,713,-1,5,Calmed,Calmed,100,7205
3,99845,713,-1,5,Calmed,Calmed,100,7206
3,99854,713,-1,5,Calmed,Calmed,100,7207
3,99856,713,-1,5,Calmed,Calmed,100,7208
3,99859,713,-1,5,Calmed,Calmed,100,7209
3,99861,713,-1,5,Calmed,Calmed,100,7210
3,99871,713,-1,5,Calmed,Calmed,100,7211
3,99873,713,-1,5,Calmed,Calmed,100,7212
3,99876,713,-1,5,Calmed,Calmed,100,7213
3,99878,713,-1,5,Calmed,Calmed,100,7214
3,99887,713,-1,5,Calmed,Calmed,100,7215
3,99890,713,-1,5,Calmed,Calmed,100,7216
3,99892,713,-1,5,Calmed,Calmed,100,7217
3,99895,713,-1,5,Calmed,Calmed,100,7218
3,99904,713,-1,5,Calmed,Calmed,100,7219
3,99907,713,-1,5,Calmed,Calmed,100,7220
3,99909,713,-1,5,Calmed,Calmed,100,7221
3,99911,713,-1,5,Calmed,Calmed,100,7222
3,99923,713,-1,5,Calmed,Calmed,100,7223
3,99925,713,-1,5,Calmed,Calmed,100,7224
3,99928,713,-1,5,Calmed,Calmed,100,7225
3,99937,713,-1,5,Calmed,Calmed,100,7226
3,99940,713,-1,5,Calmed,Calmed,100,7227
3,99942,713,-1,5,Calmed,Calmed,100,7228
3,99945,713,-1,5,Calmed,Calmed,100,7229
3,99954,713,-1,5,Calmed,Calmed,100,7230
3,99957,713,-1,5,Calmed,Calmed,100,7231
3,99959,713,-1,5,Calmed,Calmed,100,7232
3,99961,713,-1,5,Calmed,Calmed,100,7233
3,99971,713,-1,5,Calmed,Calmed,100,7234
3,99973,713,-1,5,Calmed,Calmed,100,7235
3,99976,713,-1,5,Calmed,Calmed,100,7236
3,99978,713,-1,5,Calmed,Calmed,100,7237
3,99987,713,-1,5,Calmed,Calmed,100,7238
3,99990,714,0,5,Calmed,Calmed,100,7239
3,99992,714,0,5,Calmed,Calmed,100,7240
3,99995,714,0,5,Calmed,Calmed,100,7241
3,100004,714,0,5,Calmed,Calmed,100,7242
3,100007,714,0,5,Calmed,Calmed,100,7243
3,100009,714,0,5,Calmed,Calmed,100,7244
3,100011,714,0,5,Calmed,Calmed,100,7245
3,100021,714,0,5,Calmed,Calmed,100,7246
3,100023,714,0,5,Calmed,Calmed,100,7247
3,100026,714,0,5,Calmed,Calmed,100,7248
3,100028,714,0,5,Calmed,Calmed,100,7249
3,100037,714,0,5,Calmed,Calmed,100,7250
3,100040,714,0,5,Calmed,Calmed,100,7251
3,100043,713,-1,5,Calmed,Calmed,100,7252
3,100045,713,-1,5,Calmed,Calmed,100,7253
3,100054,713,-1,5,Calmed,Calmed,100,7254
3,100057,713,-1,5,Calmed,Calmed,100,7255
3,100059,713,-1,5,Calmed,Calmed,100,7256
3,100061,713,-1,5,Calmed,Calmed,100,7257
3,100071,713,-1,5,Calmed,Calmed,100,7258
3,100073,713,-1,5,Calmed,Calmed,100,7259
3,100076,713,-1,5,Calmed,Calmed,100,7260
3,100078,713,-1,5,Calmed,Calmed,100,7261
3,100087,713,-1,5,Calmed,Calmed,100,7262
3,100090,713,-1,5,Calmed,Calmed,100,7263
3,100092,713,-1,5,Calmed,Calmed,100,7264
3,100095,713,-1,5,Calmed,Calmed,100,7265
3,100104,713,-1,5,Calmed,Calmed,100,7266
3,100107,713,-1,5,Calmed,Calmed,100,7267
3,100109,713,-1,5,Calmed,Calmed,100,7268
3,100111,713,-1,5,Calmed,Calmed,100,7269
3,100121,713,-1,5,Calmed,Calmed,100,7270
3,100123,713,-1,5,Calmed,Calmed,100,7271
3,100126,713,-1,5,Calmed,Calmed,100,7272
3,100128,713,-1,5,Calmed,Calmed,100,7273
3,100137,713,-1,5,Calmed,Calmed,100,7274
3,100140,713,-1,5,Calmed,Calmed,100,7275
3,100143,713,-1,5,Calmed,Calmed,100,7276
3,100145,713,-1,5,Calmed,Calmed,100,7277
3,100154,713,-1,5,Calmed,Calmed,100,7278
3,100157,713,-1,5,Calmed,Calmed,100,7279
3,100159,713,-1,5,Calmed,Calmed,100,7280
3,100162,713,-1,5,Calmed,Calmed,100,7281
3,100171,713,-1,5,Calmed,Calmed,100,7282
3,100173,713,-1,5,Calmed,Calmed,100,7283
3,100176,713,-1,5,Calmed,Calmed,100,7284
3,100178,713,-1,5,Calmed,Calmed,100,7285
3,100187,713,-1,5,Calmed,Calmed,100,7286
3,100190,713,-1,5,Calmed,Calmed,100,7287
3,100192,713,-1,5,Calmed,Calmed,100,7288
3,100195,713,-1,5,Calmed,Calmed,100,7289
3,100204,713,-1,5,Calmed,Calmed,100,7290
3,100207,713,-1,5,Calmed,Calmed,100,7291
3,100209,713,-1,5,Calmed,Calmed,100,7292
3,100211,713,-1,5,Calmed,Calmed,100,7293
3,100221,713,-1,5,Calmed,Calmed,100,7294
3,100223,713,-1,5,Calmed,Calmed,100,7295
3,100226,713,-1,5,Calmed,Calmed,100,7296
3,100229,713,-1,5,Calmed,Calmed,100,7297
3,100237,713,-1,5,Calmed,Calmed,100,7298
3,100240,713,-1,5,Calmed,Calmed,100,7299
3,100242,713,-1,5,Calmed,Calmed,100,7300
3,100245,713,-1,5,Calmed,Calmed,100,7301
3,100254,713,-1,5,Calmed,Calmed,100,7302
3,100257,713,-1,5,Calmed,Calmed,100,7303
3,100259,713,-1,5,Calmed,Calmed,100,7304
3,100261,713,-1,5,Calmed,Calmed,100,7305
3,100271,713,-1,5,Calmed,Calmed,100,7306
3,100273,713,-1,5,Calmed,Calmed,100,7307
3,100276,713,-1,5,Calmed,Calmed,100,7308
3,100278,713,-1,5,Calmed,Calmed,100,7309
3,100287,713,-1,5,Calmed,Calmed,100,7310
3,100290,713,-1,5,Calmed,Calmed,100,7311
3,100293,713,-1,5,Calmed,Calmed,100,7312
3,100295,713,-1,5,Calmed,Calmed,100,7313
3,100304,713,-1,5,Calmed,Calmed,100,7314
3,100307,713,-1,5,Calmed,Calmed,100,7315
3,100309,713,-1,5,Calmed,Calmed,100,7316
3,100312,713,-1,5,Calmed,Calmed,100,7317
3,100321,713,-1,5,Calmed,Calmed,100,7318
3,100323,713,-1,5,Calmed,Calmed,100,7319
3,100325,713,-1,5,Calmed,Calmed,100,7320
3,100328,713,-1,5,Calmed,Calmed,100,7321
3,100337,713,-1,5,Calmed,Calmed,100,7322
3,100340,713,-1,5,Calmed,Calmed,100,7323
3,100342,713,-1,5,Calmed,Calmed,100,7324
3,100345,713,-1,5,Calmed,Calmed,100,7325
3,100354,713,-1,5,Calmed,Calmed,100,7326
3,100357,713,-1,5,Calmed,Calmed,100,7327
3,100359,713,-1,5,Calmed,Calmed,100,7328
3,100361,713,-1,5,Calmed,Calmed,100,7329
3,100371,713,-1,5,Calmed,Calmed,100,7330
3,100373,713,-1,5,Calmed,Calmed,100,7331
3,100376,713,-1,5,Calmed,Calmed,100,7332
3,100378,713,-1,5,Calmed,Calmed,100,7333
3,100387,713,-1,5,Calmed,Calmed,100,7334
3,100390,713,-1,5,Calmed,Calmed,100,7335
3,100392,713,-1,5,Calmed,Calmed,100,7336
3,100395,713,-1,5,Calmed,Calmed,100,7337
3,100404,713,-1,5,Calmed,Calmed,100,7338
3,100406,713,-1,5,Calmed,Calmed,100,7339
3,100409,713,-1,5,Calmed,Calmed,100,7340
3,100411,713,-1,5,Calmed,Calmed,100,7341
3,100421,713,-1,5,Calmed,Calmed,100,7342
3,100423,713,-1,5,Calmed,Calmed,100,7343
3,100426,713,-1,5,Calmed,Calmed,100,7344
3,100428,713,-1,5,Calmed,Calmed,100,7345
3,100437,713,-1,5,Calmed,Calmed,100,7346
3,100440,713,-1,5,Calmed,Calmed,100,7347
3,100443,713,-1,5,Calmed,Calmed,100,7348
3,100445,713,-1,5,Calmed,Calmed,100,7349
3,100454,713,-1,5,Calmed,Calmed,100,7350
3,100457,713,-1,5,Calmed,Calmed,100,7351
3,100459,713,-1,5,Calmed,Calmed,100,7352
3,100461,713,-1,5,Calmed,Calmed,100,7353
3,100471,713,-1,5,Calmed,Calmed,100,7354
3,100473,713,-1,5,Calmed,Calmed,100,7355
3,100476,713,-1,5,Calmed,Calmed,100,7356
3,100478,713,-1,5,Calmed,Calmed,100,7357
3,100487,713,-1,5,Calmed,Calmed,100,7358
3,100490,713,-1,5,Calmed,Calmed,100,7359
3,100492,713,-1,5,Calmed,Calmed,100,7360
3,100495,713,-1,5,Calmed,Calmed,100,7361
3,100504,713,-1,5,Calmed,Calmed,100,7362
3,100507,713,-1,5,Calmed,Calmed,100,7363
3,100509,713,-1,5,Calmed,Calmed,100,7364
3,100511,713,-1,5,Calmed,Calmed,100,7365
3,100521,713,-1,5,Calmed,Calmed,100,7366
3,100523,713,-1,5,Calmed,Calmed,100,7367
3,100525,713,-1,5,Calmed,Calmed,100,7368
3,100528,713,-1,5,Calmed,Calmed,100,7369
3,100537,713,-1,5,Calmed,Calmed,100,7370
3,100540,713,-1,5,Calmed,Calmed,100,7371
3,100542,713,-1,5,Calmed,Calmed,100,7372
3,100545,713,-1,5,Calmed,Calmed,100,7373
3,100554,713,-1,5,Calmed,Calmed,100,7374
3,100556,713,-1,5,Calmed,Calmed,100,7375
3,100559,713,-1,5,Calmed,Calmed,100,7376
3,100561,713,-1,5,Calmed,Calmed,100,7377
3,100571,713,-1,5,Calmed,Calmed,100,7378
3,100573,713,-1,5,Calmed,Calmed,100,7379
3,100576,713,-1,5,Calmed,Calmed,100,7380
3,100578,713,-1,5,Calmed,Calmed,100,7381
3,100587,713,-1,5,Calmed,Calmed,100,7382
3,100590,713,-1,5,Calmed,Calmed,100,7383
3,100592,713,-1,5,Calmed,Calmed,100,7384
3,100595,713,-1,5,Calmed,Calmed,100,7385
3,100604,713,-1,5,Calmed,Calmed,100,7386
3,100606,713,-1,5,Calmed,Calmed,100,7387
3,100609,713,-1,5,Calmed,Calmed,100,7388
3,100611,713,-1,5,Calmed,Calmed,100,7389
3,100621,713,-1,5,Calmed,Calmed,100,7390
3,100623,713,-1,5,Calmed,Calmed,100,7391
3,100626,713,-1,5,Calmed,Calmed,100,7392
3,100628,713,-1,5,Calmed,Calmed,100,7393
3,100637,713,-1,5,Calmed,Calmed,100,7394
3,100640,713,-1,5,Calmed,Calmed,100,7395
3,100643,713,-1,5,Calmed,Calmed,100,7396
3,100645,713,-1,5,Calmed,Calmed,100,7397
3,100654,713,-1,5,Calmed,Calmed,100,7398
3,100657,713,-1,5,Calmed,Calmed,100,7399
3,100659,713,-1,5,Calmed,Calmed,100,7400
3,100661,713,-1,5,Calmed,Calmed,100,7401
3,100671,713,-1,5,Calmed,Calmed,100,7402
3,100673,713,-1,5,Calmed,Calmed,100,7403
3,100676,713,-1,5,Calmed,Calmed,100,7404
3,100678,713,-1,5,Calmed,Calmed,100,7405
3,100687,713,-1,5,Calmed,Calmed,100,7406
3,100690,713,-1,5,Calmed,Calmed,100,7407
3,100692,713,-1,5,Calmed,Calmed,100,7408
3,100695,713,-1,5,Calmed,Calmed,100,7409
3,100704,713,-1,5,Calmed,Calmed,100,7410
3,100707,713,-1,5,Calmed,Calmed,100,7411
3,100709,713,-1,5,Calmed,Calmed,100,7412
3,100711,713,-1,5,Calmed,Calmed,100,7413
3,100721,713,-1,5,Calmed,Calmed,100,7414
3,100723,713,-1,5,Calmed,Calmed,100,7415
3,100726,713,-1,5,Calmed,Calmed,100,7416
3,100728,713,-1,5,Calmed,Calmed,100,7417
3,100737,713,-1,5,Calmed,Calmed,100,7418
3,100740,713,-1,5,Calmed,Calmed,100,7419
3,100742,713,-1,5,Calmed,Calmed,100,7420
3,100745,713,-1,5,Calmed,Calmed,100,7421
3,100754,713,-1,5,Calmed,Calmed,100,7422
3,100757,713,-1,5,Calmed,Calmed,100,7423
3,100759,713,-1,5,Calmed,Calmed,100,7424
3,100761,713,-1,5,Calmed,Calmed,100,7425
3,100771,713,-1,5,Calmed,Calmed,100,7426
3,100773,713,-1,5,Calmed,Calmed,100,7427
3,100776,713,-1,5,Calmed,Calmed,100,7428
3,100778,713,-1,5,Calmed,Calmed,100,7429
3,100787,713,-1,5,Calmed,Calmed,100,7430
3,100790,713,-1,5,Calmed,Calmed,100,7431
3,100792,713,-1,5,Calmed,Calmed,100,7432
3,100795,713,-1,5,Calmed,Calmed,100,7433
3,100804,713,-1,5,Calmed,Calmed,100,7434
3,100807,713,-1,5,Calmed,Calmed,100,7435
3,100809,713,-1,5,Calmed,Calmed,100,7436
3,100811,713,-1,5,Calmed,Calmed,100,7437
3,100821,713,-1,5,Calmed,Calmed,100,7438
3,100823,713,-1,5,Calmed,Calmed,100,7439
3,100826,713,-1,5,Calmed,Calmed,100,7440
3,100828,713,-1,5,Calmed,Calmed,100,7441
3,100837,713,-1,5,Calmed,Calmed,100,7442
3,100840,713,-1,5,Calmed,Calmed,100,7443
3,100842,713,-1,5,Calmed,Calmed,100,7444
3,100845,713,-1,5,Calmed,Calmed,100,7445
3,100854,713,-1,5,Calmed,Calmed,100,7446
3,100857,713,-1,5,Calmed,Calmed,100,7447
3,100859,713,-1,5,Calmed,Calmed,100,7448
3,100862,713,-1,5,Calmed,Calmed,100,7449
3,100871,713,-1,5,Calmed,Calmed,100,7450
3,100873,713,-1,5,Calmed,Calmed,100,7451
3,100876,713,-1,5,Calmed,Calmed,100,7452
3,100878,713,-1,5,Calmed,Calmed,100,7453
3,100887,713,-1,5,Calmed,Calmed,100,7454
3,100890,713,-1,5,Calmed,Calmed,100,7455
3,100892,713,-1,5,Calmed,Calmed,100,7456
3,100895,713,-1,5,Calmed,Calmed,100,7457
3,100904,713,-1,5,Calmed,Calmed,100,7458
3,100907,713,-1,5,Calmed,Calmed,100,7459
3,100909,713,-1,5,Calmed,Calmed,100,7460
3,100911,713,-1,5,Calmed,Calmed,100,7461
3,100921,713,-1,5,Calmed,Calmed,100,7462
3,100923,713,-1,5,Calmed,Calmed,100,7463
3,100926,713,-1,5,Calmed,Calmed,100,7464
3,100928,713,-1,5,Calmed,Calmed,100,7465
3,100937,713,-1,5,Calmed,Calmed,100,7466
3,100940,713,-1,5,Calmed,Calmed,100,7467
3,100942,713,-1,5,Calmed,Calmed,100,7468
3,100945,713,-1,5,Calmed,Calmed,100,7469
3,100954,713,-1,5,Calmed,Calmed,100,7470
3,100957,713,-1,5,Calmed,Calmed,100,7471
3,100959,713,-1,5,Calmed,Calmed,100,7472
3,100962,713,-1,5,Calmed,Calmed,100,7473
3,100971,713,-1,5,Calmed,Calmed,100,7474
3,100973,713,-1,5,Calmed,Calmed,100,7475
3,100976,713,-1,5,Calmed,Calmed,100,7476
3,100978,713,-1,5,Calmed,Calmed,100,7477
3,100987,713,-1,5,Calmed,Calmed,100,7478
3,100990,713,-1,5,Calmed,Calmed,100,7479
3,100992,713,-1,5,Calmed,Calmed,100,7480
3,100995,713,-1,5,Calmed,Calmed,100,7481
3,101004,713,-1,5,Calmed,Calmed,100,7482
3,101006,713,-1,5,Calmed,Calmed,100,7483
3,101009,713,-1,5,Calmed,Calmed,100,7484
3,101011,713,-1,5,Calmed,Calmed,100,7485
3,101021,713,-1,5,Calmed,Calmed,100,7486
3,101023,713,-1,5,Calmed,Calmed,100,7487
3,101026,713,-1,5,Calmed,Calmed,100,7488
3,101028,713,-1,5,Calmed,Calmed,100,7489
3,101037,713,-1,5,Calmed,Calmed,100,7490
3,101040,713,-1,5,Calmed,Calmed,100,7491
3,101042,713,-1,5,Calmed,Calmed,100,7492
3,101044,713,-1,5,Calmed,Calmed,100,7493
3,101054,713,-1,5,Calmed,Calmed,100,7494
3,101056,713,-1,5,Calmed,Calmed,100,7495
3,101059,713,-1,5,Calmed,Calmed,100,7496
3,101062,713,-1,5,Calmed,Calmed,100,7497
3,101071,713,-1,5,Calmed,Calmed,100,7498
3,101073,713,-1,5,Calmed,Calmed,100,7499
3,101076,713,-1,5,Calmed,Calmed,100,7500
3,101078,713,-1,5,Calmed,Calmed,100,7501
3,101087,713,-1,5,Calmed,Calmed,100,7502
3,101090,713,-1,5,Calmed,Calmed,100,7503
3,101093,713,-1,5,Calmed,Calmed,100,7504
3,101095,713,-1,5,Calmed,Calmed,100,7505
3,101104,713,-1,5,Calmed,Calmed,100,7506
3,101107,713,-1,5,Calmed,Calmed,100,7507
3,101109,713,-1,5,Calmed,Calmed,100,7508
3,101111,713,-1,5,Calmed,Calmed,100,7509
3,101121,713,-1,5,Calmed,Calmed,100,7510
3,101123,713,-1,5,Calmed,Calmed,100,7511
3,101126,713,-1,5,Calmed,Calmed,100,7512
3,101128,713,-1,5,Calmed,Calmed,100,7513
3,101137,713,-1,5,Calmed,Calmed,100,7514
3,101140,713,-1,5,Calmed,Calmed,100,7515
3,101143,713,-1,5,Calmed,Calmed,100,7516
3,101145,713,-1,5,Calmed,Calmed,100,7517
3,101154,713,-1,5,Calmed,Calmed,100,7518
3,101157,713,-1,5,Calmed,Calmed,100,7519
3,101159,713,-1,5,Calmed,Calmed,100,7520
3,101161,713,-1,5,Calmed,Calmed,100,7521
3,101171,713,-1,5,Calmed,Calmed,100,7522
3,101173,713,-1,5,Calmed,Calmed,100,7523
3,101175,713,-1,5,Calmed,Calmed,100,7524
3,101178,713,-1,5,Calmed,Calmed,100,7525
3,101187,713,-1,5,Calmed,Calmed,100,7526
3,101190,713,-1,5,Calmed,Calmed,100,7527
3,101192,713,-1,5,Calmed,Calmed,100,7528
3,101195,713,-1,5,Calmed,Calmed,100,7529
3,101204,713,-1,5,Calmed,Calmed,100,7530
3,101207,713,-1,5,Calmed,Calmed,100,7531
3,101209,713,-1,5,Calmed,Calmed,100,7532
3,101211,713,-1,5,Calmed,Calmed,100,7533
3,101221,713,-1,5,Calmed,Calmed,100,7534
3,101223,713,-1,5,Calmed,Calmed,100,7535
3,101226,713,-1,5,Calmed,Calmed,100,7536
3,101228,713,-1,5,Calmed,Calmed,100,7537
3,101237,713,-1,5,Calmed,Calmed,100,7538
3,101240,713,-1,5,Calmed,Calmed,100,7539
3,101242,713,-1,5,Calmed,Calmed,100,7540
3,101245,713,-1,5,Calmed,Calmed,100,7541
3,101254,713,-1,5,Calmed,Calmed,100,7542
3,101257,713,-1,5,Calmed,Calmed,100,7543
3,101259,713,-1,5,Calmed,Calmed,100,7544
3,101262,713,-1,5,Calmed,Calmed,100,7545
3,101271,713,-1,5,Calmed,Calmed,100,7546
3,101273,713,-1,5,Calmed,Calmed,100,7547
3,101276,713,-1,5,Calmed,Calmed,100,7548
3,101278,713,-1,5,Calmed,Calmed,100,7549
3,101287,713,-1,5,Calmed,Calmed,100,7550
3,101290,713,-1,5,Calmed,Calmed,100,7551
3,101293,713,-1,5,Calmed,Calmed,100,7552
3,101295,713,-1,5,Calmed,Calmed,100,7553
3,101304,713,-1,5,Calmed,Calmed,100,7554
3,101306,713,-1,5,Calmed,Calmed,100,7555
3,101309,713,-1,5,Calmed,Calmed,100,7556
3,101311,713,-1,5,Calmed,Calmed,100,7557
3,101321,713,-1,5,Calmed,Calmed,100,7558
3,101323,713,-1,5,Calmed,Calmed,100,7559
3,101325,713,-1,5,Calmed,Calmed,100,7560
3,101328,713,-1,5,Calmed,Calmed,100,7561
3,101337,713,-1,5,Calmed,Calmed,100,7562
3,101340,713,-1,5,Calmed,Calmed,100,7563
3,101342,713,-1,5,Calmed,Calmed,100,7564
3,101345,713,-1,5,Calmed,Calmed,100,7565
3,101354,713,-1,5,Calmed,Calmed,100,7566
3,101357,713,-1,5,Calmed,Calmed,100,7567
3,101359,713,-1,5,Calmed,Calmed,100,7568
3,101362,713,-1,5,Calmed,Calmed,100,7569
3,101371,713,-1,5,Calmed,Calmed,100,7570
3,101373,713,-1,5,Calmed,Calmed,100,7571
3,101376,713,-1,5,Calmed,Calmed,100,7572
3,101378,713,-1,5,Calmed,Calmed,100,7573
3,101388,713,-1,5,Calmed,Calmed,100,7574
3,101391,713,-1,5,Calmed,Calmed,100,7575
3,101394,713,-1,5,Calmed,Calmed,100,7576
3,101397,713,-1,5,Calmed,Calmed,100,7577
3,101404,713,-1,5,Calmed,Calmed,100,7578
3,101407,713,-1,5,Calmed,Calmed,100,7579
3,101410,713,-1,5,Calmed,Calmed,100,7580
3,101413,713,-1,5,Calmed,Calmed,100,7581
3,101421,713,-1,5,Calmed,Calmed,100,7582
3,101424,713,-1,5,Calmed,Calmed,100,7583
3,101427,713,0,5,Calmed,Calmed,100,7584
3,101438,713,0,5,Calmed,Calmed,100,7585
3,101441,713,0,5,Calmed,Calmed,100,7586
3,101444,713,0,5,Calmed,Calmed,100,7587
3,101447,713,0,5,Calmed,Calmed,100,7588
3,101454,713,0,5,Calmed,Calmed,100,7589
3,101457,713,0,5,Calmed,Calmed,100,7590
3,101460,713,0,5,Calmed,Calmed,100,7591
3,101463,713,0,5,Calmed,Calmed,100,7592
3,101471,713,0,5,Calmed,Calmed,100,7593
3,101474,713,0,5,Calmed,Calmed,100,7594
3,101477,713,0,5,Calmed,Calmed,100,7595
3,101480,713,0,5,Calmed,Calmed,100,7596
3,101488,713,-1,5,Calmed,Calmed,100,7597
3,101490,713,-1,5,Calmed,Calmed,100,7598
3,101493,713,-1,5,Calmed,Calmed,100,7599
3,101495,713,-1,5,Calmed,Calmed,100,7600
3,101504,713,-1,5,Calmed,Calmed,100,7601
3,101507,713,-1,5,Calmed,Calmed,100,7602
3,101509,713,-1,5,Calmed,Calmed,100,7603
3,101512,713,-1,5,Calmed,Calmed,100,7604
3,101521,713,-1,5,Calmed,Calmed,100,7605
3,101523,713,-1,5,Calmed,Calmed,100,7606
3,101526,713,-1,5,Calmed,Calmed,100,7607
3,101528,713,-1,5,Calmed,Calmed,100,7608
3,101537,713,-1,5,Calmed,Calmed,100,7609
3,101540,713,-1,5,Calmed,Calmed,100,7610
3,101542,713,-1,5,Calmed,Calmed,100,7611
3,101545,713,-1,5,Calmed,Calmed,100,7612
3,101554,713,-1,5,Calmed,Calmed,100,7613
3,101557,713,-1,5,Calmed,Calmed,100,7614
3,101559,713,-1,5,Calmed,Calmed,100,7615
3,101562,713,-1,5,Calmed,Calmed,100,7616
3,101571,713,-1,5,Calmed,Calmed,100,7617
3,101573,713,-1,5,Calmed,Calmed,100,7618
3,101576,713,-1,5,Calmed,Calmed,100,7619
3,101578,713,-1,5,Calmed,Calmed,100,7620
3,101587,713,-1,5,Calmed,Calmed,100,7621
3,101590,713,-1,5,Calmed,Calmed,100,7622
3,101592,713,-1,5,Calmed,Calmed,100,7623
3,101595,713,-1,5,Calmed,Calmed,100,7624
3,101604,713,-1,5,Calmed,Calmed,100,7625
3,101607,713,-1,5,Calmed,Calmed,100,7626
3,101609,713,-1,5,Calmed,Calmed,100,7627
3,101612,713,-1,5,Calmed,Calmed,100,7628
3,101621,713,-1,5,Calmed,Calmed,100,7629
3,101623,713,-1,5,Calmed,Calmed,100,7630
3,101626,713,-1,5,Calmed,Calmed,100,7631
3,101628,713,-1,5,Calmed,Calmed,100,7632
3,101637,713,-1,5,Calmed,Calmed,100,7633
3,101640,713,-1,5,Calmed,Calmed,100,7634
3,101642,713,-1,5,Calmed,Calmed,100,7635
3,101645,713,-1,5,Calmed,Calmed,100,7636
3,101654,713,-1,5,Calmed,Calmed,100,7637
3,101657,713,-1,5,Calmed,Calmed,100,7638
3,101659,713,-1,5,Calmed,Calmed,100,7639
3,101662,713,-1,5,Calmed,Calmed,100,7640
3,101671,713,-1,5,Calmed,Calmed,100,7641
3,101673,713,-1,5,Calmed,Calmed,100,7642
3,101676,713,-1,5,Calmed,Calmed,100,7643
3,101678,713,-1,5,Calmed,Calmed,100,7644
3,101687,713,-1,5,Calmed,Calmed,100,7645
3,101690,713,0,5,Calmed,Calmed,100,7646
3,101693,713,0,5,Calmed,Calmed,100,7647
3,101695,713,0,5,Calmed,Calmed,100,7648
3,101704,713,0,5,Calmed,Calmed,100,7649
3,101707,713,0,5,Calmed,Calmed,100,7650
3,101709,713,0,5,Calmed,Calmed,100,7651
3,101711,713,0,5,Calmed,Calmed,100,7652
3,101721,713,0,5,Calmed,Calmed,100,7653
3,101723,713,0,5,Calmed,Calmed,100,7654
3,101726,713,0,5,Calmed,Calmed,100,7655
3,101728,713,0,5,Calmed,Calmed,100,7656
3,101737,713,0,5,Calmed,Calmed,100,7657
3,101740,713,-1,5,Calmed,Calmed,100,7658
3,101742,713,-1,5,Calmed,Calmed,100,7659
3,101745,713,-1,5,Calmed,Calmed,100,7660
3,101754,713,-1,5,Calmed,Calmed,100,7661
3,101757,713,-1,5,Calmed,Calmed,100,7662
3,101759,713,-1,5,Calmed,Calmed,100,7663
3,101761,713,-1,5,Calmed,Calmed,100,7664
3,101771,713,-1,5,Calmed,Calmed,100,7665
3,101773,713,-1,5,Calmed,Calmed,100,7666
3,101776,713,-1,5,Calmed,Calmed,100,7667
3,101778,713,-1,5,Calmed,Calmed,100,7668
3,101787,713,-1,5,Calmed,Calmed,100,7669
3,101790,713,0,5,Calmed,Calmed,100,7670
3,101792,713,0,5,Calmed,Calmed,100,7671
3,101794,713,0,5,Calmed,Calmed,100,7672
3,101804,713,0,5,Calmed,Calmed,100,7673
3,101807,713,0,5,Calmed,Calmed,100,7674
3,101809,713,0,5,Calmed,Calmed,100,7675
3,101811,713,0,5,Calmed,Calmed,100,7676
3,101821,713,0,5,Calmed,Calmed,100,7677
3,101823,713,0,5,Calmed,Calmed,100,7678
3,101825,713,0,5,Calmed,Calmed,100,7679
3,101828,713,0,5,Calmed,Calmed,100,7680
3,101837,713,0,5,Calmed,Calmed,100,7681
3,101840,713,0,5,Calmed,Calmed,100,7682
3,101842,713,0,5,Calmed,Calmed,100,7683
3,101845,713,0,5,Calmed,Calmed,100,7684
3,101854,713,0,5,Calmed,Calmed,100,7685
3,101857,713,0,5,Calmed,Calmed,100,7686
3,101859,713,0,5,Calmed,Calmed,100,7687
3,101862,713,0,5,Calmed,Calmed,100,7688
3,101871,713,0,5,Calmed,Calmed,100,7689
3,101874,713,0,5,Calmed,Calmed,100,7690
3,101876,713,0,5,Calmed,Calmed,100,7691
3,101888,713,0,5,Calmed,Calmed,100,7692
3,101890,713,-1,5,Calmed,Calmed,100,7693
3,101893,713,-1,5,Calmed,Calmed,100,7694
3,101895,713,-1,5,Calmed,Calmed,100,7695
3,101904,713,-1,5,Calmed,Calmed,100,7696
3,101907,713,-1,5,Calmed,Calmed,100,7697
3,101909,713,-1,5,Calmed,Calmed,100,7698
3,101912,713,-1,5,Calmed,Calmed,100,7699
3,101921,713,-1,5,Calmed,Calmed,100,7700
3,101923,713,-1,5,Calmed,Calmed,100,7701
3,101926,713,-1,5,Calmed,Calmed,100,7702
3,101928,713,-1,5,Calmed,Calmed,100,7703
3,101937,713,-1,5,Calmed,Calmed,100,7704
3,101940,713,-1,5,Calmed,Calmed,100,7705
3,101943,713,-1,5,Calmed,Calmed,100,7706
3,101945,713,-1,5,Calmed,Calmed,100,7707
3,101954,713,-1,5,Calmed,Calmed,100,7708
3,101956,713,-1,5,Calmed,Calmed,100,7709
3,101959,713,-1,5,Calmed,Calmed,100,7710
3,101961,713,-1,5,Calmed,Calmed,100,7711
3,101971,713,-1,5,Calmed,Calmed,100,7712
3,101973,713,-1,5,Calmed,Calmed,100,7713
3,101976,713,-1,5,Calmed,Calmed,100,7714
3,101978,713,-1,5,Calmed,Calmed,100,7715
3,101987,713,-1,5,Calmed,Calmed,100,7716
3,101990,713,-1,5,Calmed,Calmed,100,7717
3,101992,713,0,5,Calmed,Calmed,100,7718
3,101995,713,0,5,Calmed,Calmed,100,7719
3,102004,713,0,5,Calmed,Calmed,100,7720
3,102006,713,0,5,Calmed,Calmed,100,7721
3,102009,713,0,5,Calmed,Calmed,100,7722
3,102011,713,0,5,Calmed,Calmed,100,7723
3,102021,713,0,5,Calmed,Calmed,100,7724
3,102023,713,0,5,Calmed,Calmed,100,7725
3,102026,713,0,5,Calmed,Calmed,100,7726
3,102028,713,0,5,Calmed,Calmed,100,7727
3,102037,713,0,5,Calmed,Calmed,100,7728
3,102040,713,0,5,Calmed,Calmed,100,7729
3,102042,713,0,5,Calmed,Calmed,100,7730
3,102045,713,0,5,Calmed,Calmed,100,7731
3,102054,713,-1,5,Calmed,Calmed,100,7732
3,102056,713,-1,5,Calmed,Calmed,100,7733
3,102059,713,-1,5,Calmed,Calmed,100,7734
3,102061,713,-1,5,Calmed,Calmed,100,7735
3,102071,713,-1,5,Calmed,Calmed,100,7736
3,102073,713,-1,5,Calmed,Calmed,100,7737
3,102076,713,-1,5,Calmed,Calmed,100,7738
3,102078,713,-1,5,Calmed,Calmed,100,7739
3,102087,713,-1,5,Calmed,Calmed,100,7740
3,102090,713,-1,5,Calmed,Calmed,100,7741
3,102092,713,-1,5,Calmed,Calmed,100,7742
3,102095,713,0,5,Calmed,Calmed,100,7743
3,102104,713,0,5,Calmed,Calmed,100,7744
3,102106,713,0,5,Calmed,Calmed,100,7745
3,102109,713,0,5,Calmed,Calmed,100,7746
3,102111,713,0,5,Calmed,Calmed,100,7747
3,102121,713,0,5,Calmed,Calmed,100,7748
3,102123,713,0,5,Calmed,Calmed,100,7749
3,102126,713,0,5,Calmed,Calmed,100,7750
3,102128,713,0,5,Calmed,Calmed,100,7751
3,102137,713,0,5,Calmed,Calmed,100,7752
3,102140,713,0,5,Calmed,Calmed,100,7753
3,102143,713,0,5,Calmed,Calmed,100,7754
3,102145,713,0,5,Calmed,Calmed,100,7755
3,102154,713,0,5,Calmed,Calmed,100,7756
3,102157,713,0,5,Calmed,Calmed,100,7757
3,102159,713,0,5,Calmed,Calmed,100,7758
3,102161,713,0,5,Calmed,Calmed,100,7759
3,102171,713,0,5,Calmed,Calmed,100,7760
3,102173,713,0,5,Calmed,Calmed,100,7761
3,102176,713,0,5,Calmed,Calmed,100,7762
3,102178,713,0,5,Calmed,Calmed,100,7763
3,102187,713,0,5,Calmed,Calmed,100,7764
3,102190,713,0,5,Calmed,Calmed,100,7765
3,102192,713,0,5,Calmed,Calmed,100,7766
3,102195,713,0,5,Calmed,Calmed,100,7767
3,102204,713,0,5,Calmed,Calmed,100,7768
3,102207,713,0,5,Calmed,Calmed,100,7769
3,102209,713,0,5,Calmed,Calmed,100,7770
3,102211,713,0,5,Calmed,Calmed,100,7771
3,102221,713,0,5,Calmed,Calmed,100,7772
3,102223,713,0,5,Calmed,Calmed,100,7773
3,102226,713,0,5,Calmed,Calmed,100,7774
3,102228,713,0,5,Calmed,Calmed,100,7775
3,102237,713,0,5,Calmed,Calmed,100,7776
3,102240,713,0,5,Calmed,Calmed,100,7777
3,102242,713,0,5,Calmed,Calmed,100,7778
3,102245,713,0,5,Calmed,Calmed,100,7779
3,102254,713,0,5,Calmed,Calmed,100,7780
3,102257,713,-1,5,Calmed,Calmed,100,7781
3,102259,713,-1,5,Calmed,Calmed,100,7782
3,102261,713,-1,5,Calmed,Calmed,100,7783
3,102271,713,-1,5,Calmed,Calmed,100,7784
3,102273,713,-1,5,Calmed,Calmed,100,7785
3,102276,713,-1,5,Calmed,Calmed,100,7786
3,102278,713,-1,5,Calmed,Calmed,100,7787
3,102287,713,-1,5,Calmed,Calmed,100,7788
3,102290,713,-1,5,Calmed,Calmed,100,7789
3,102293,713,-1,5,Calmed,Calmed,100,7790
3,102295,713,-1,5,Calmed,Calmed,100,7791
3,102304,713,-1,5,Calmed,Calmed,100,7792
3,102307,713,-1,5,Calmed,Calmed,100,7793
3,102309,713,-1,5,Calmed,Calmed,100,7794
3,102311,713,-1,5,Calmed,Calmed,100,7795
3,102321,713,-1,5,Calmed,Calmed,100,7796
3,102323,713,-1,5,Calmed,Calmed,100,7797
3,102326,713,-1,5,Calmed,Calmed,100,7798
3,102328,713,-1,5,Calmed,Calmed,100,7799
3,102337,713,-1,5,Calmed,Calmed,100,7800
3,102340,713,-1,5,Calmed,Calmed,100,7801
3,102342,713,-1,5,Calmed,Calmed,100,7802
3,102345,713,-1,5,Calmed,Calmed,100,7803
3,102354,713,-1,5,Calmed,Calmed,100,7804
3,102356,713,0,5,Calmed,Calmed,100,7805
3,102359,713,0,5,Calmed,Calmed,100,7806
3,102361,713,0,5,Calmed,Calmed,100,7807
3,102371,713,0,5,Calmed,Calmed,100,7808
3,102373,713,0,5,Calmed,Calmed,100,7809
3,102375,713,0,5,Calmed,Calmed,100,7810
3,102378,713,0,5,Calmed,Calmed,100,7811
3,102387,713,0,5,Calmed,Calmed,100,7812
3,102390,713,0,5,Calmed,Calmed,100,7813
3,102392,713,0,5,Calmed,Calmed,100,7814
3,102395,713,0,5,Calmed,Calmed,100,7815
3,102404,713,0,5,Calmed,Calmed,100,7816
3,102407,713,0,5,Calmed,Calmed,100,7817
3,102409,713,0,5,Calmed,Calmed,100,7818
3,102411,713,0,5,Calmed,Calmed,100,7819
3,102421,713,0,5,Calmed,Calmed,100,7820
3,102423,713,0,5,Calmed,Calmed,100,7821
3,102426,713,0,5,Calmed,Calmed,100,7822
3,102428,713,0,5,Calmed,Calmed,100,7823
3,102437,713,0,5,Calmed,Calmed,100,7824
3,102440,713,0,5,Calmed,Calmed,100,7825
3,102443,713,0,5,Calmed,Calmed,100,7826
3,102445,713,0,5,Calmed,Calmed,100,7827
3,102454,713,0,5,Calmed,Calmed,100,7828
3,102456,713,0,5,Calmed,Calmed,100,7829
3,102459,713,0,5,Calmed,Calmed,100,7830
3,102461,713,0,5,Calmed,Calmed,100,7831
3,102471,713,0,5,Calmed,Calmed,100,7832
3,102473,713,0,5,Calmed,Calmed,100,7833
3,102475,713,0,5,Calmed,Calmed,100,7834
3,102478,713,0,5,Calmed,Calmed,100,7835
3,102487,713,0,5,Calmed,Calmed,100,7836
3,102490,713,0,5,Calmed,Calmed,100,7837
3,102492,713,0,5,Calmed,Calmed,100,7838
3,102495,713,0,5,Calmed,Calmed,100,7839
3,102504,713,0,5,Calmed,Calmed,100,7840
3,102507,713,0,5,Calmed,Calmed,100,7841
3,102509,713,-1,5,Calmed,Calmed,100,7842
3,102511,713,-1,5,Calmed,Calmed,100,7843
3,102521,713,-1,5,Calmed,Calmed,100,7844
3,102523,713,-1,5,Calmed,Calmed,100,7845
3,102526,713,-1,5,Calmed,Calmed,100,7846
3,102528,713,-1,5,Calmed,Calmed,100,7847
3,102537,713,-1,5,Calmed,Calmed,100,7848
3,102540,713,-1,5,Calmed,Calmed,100,7849
3,102543,713,-1,5,Calmed,Calmed,100,7850
3,102545,713,-1,5,Calmed,Calmed,100,7851
3,102554,713,-1,5,Calmed,Calmed,100,7852
3,102556,713,-1,5,Calmed,Calmed,100,7853
3,102559,713,0,5,Calmed,Calmed,100,7854
3,102561,713,0,5,Calmed,Calmed,100,7855
3,102571,713,0,5,Calmed,Calmed,100,7856
3,102573,713,0,5,Calmed,Calmed,100,7857
3,102576,713,0,5,Calmed,Calmed,100,7858
3,102578,713,0,5,Calmed,Calmed,100,7859
3,102587,713,0,5,Calmed,Calmed,100,7860
3,102590,713,0,5,Calmed,Calmed,100,7861
3,102592,713,0,5,Calmed,Calmed,100,7862
3,102595,713,0,5,Calmed,Calmed,100,7863
3,102604,713,0,5,Calmed,Calmed,100,7864
3,102607,713,0,5,Calmed,Calmed,100,7865
3,102609,713,0,5,Calmed,Calmed,100,7866
3,102612,713,0,5,Calmed,Calmed,100,7867
3,102621,713,0,5,Calmed,Calmed,100,7868
3,102623,713,0,5,Calmed,Calmed,100,7869
3,102626,713,0,5,Calmed,Calmed,100,7870
3,102628,713,0,5,Calmed,Calmed,100,7871
3,102637,713,0,5,Calmed,Calmed,100,7872
3,102640,713,0,5,Calmed,Calmed,100,7873
3,102642,713,0,5,Calmed,Calmed,100,7874
3,102645,713,0,5,Calmed,Calmed,100,7875
3,102654,713,0,5,Calmed,Calmed,100,7876
3,102656,713,0,5,Calmed,Calmed,100,7877
3,102659,713,0,5,Calmed,Calmed,100,7878
3,102661,713,0,5,Calmed,Calmed,100,7879
3,102671,713,0,5,Calmed,Calmed,100,7880
3,102673,713,0,5,Calmed,Calmed,100,7881
3,102676,713,0,5,Calmed,Calmed,100,7882
3,102678,713,0,5,Calmed,Calmed,100,7883
3,102687,713,0,5,Calmed,Calmed,100,7884
3,102690,713,0,5,Calmed,Calmed,100,7885
3,102692,713,0,5,Calmed,Calmed,100,7886
3,102695,713,0,5,Calmed,Calmed,100,7887
3,102704,713,0,5,Calmed,Calmed,100,7888
3,102706,713,0,5,Calmed,Calmed,100,7889
3,102709,713,0,5,Calmed,Calmed,100,7890
3,102711,713,0,5,Calmed,Calmed,100,7891
3,102721,713,0,5,Calmed,Calmed,100,7892
3,102723,713,0,5,Calmed,Calmed,100,7893
3,102726,713,0,5,Calmed,Calmed,100,7894
3,102728,713,0,5,Calmed,Calmed,100,7895
3,102737,713,0,5,Calmed,Calmed,100,7896
3,102740,713,0,5,Calmed,Calmed,100,7897
3,102742,713,0,5,Calmed,Calmed,100,7898
3,102744,713,0,5,Calmed,Calmed,100,7899
3,102754,713,0,5,Calmed,Calmed,100,7900
3,102756,713,0,5,Calmed,Calmed,100,7901
3,102759,713,0,5,Calmed,Calmed,100,7902
3,102761,713,0,5,Calmed,Calmed,100,7903
3,102771,713,0,5,Calmed,Calmed,100,7904
3,102773,713,0,5,Calmed,Calmed,100,7905
3,102776,713,0,5,Calmed,Calmed,100,7906
3,102778,713,0,5,Calmed,Calmed,100,7907
3,102787,713,0,5,Calmed,Calmed,100,7908
3,102790,713,0,5,Calmed,Calmed,100,7909
3,102792,713,0,5,Calmed,Calmed,100,7910
3,102795,713,0,5,Calmed,Calmed,100,7911
3,102804,713,0,5,Calmed,Calmed,100,7912
3,102806,713,0,5,Calmed,Calmed,100,7913
3,102809,713,0,5,Calmed,Calmed,100,7914
3,102811,713,0,5,Calmed,Calmed,100,7915
3,102820,713,0,5,Calmed,Calmed,100,7916
3,102823,713,0,5,Calmed,Calmed,100,7917
3,102825,713,0,5,Calmed,Calmed,100,7918
3,102828,713,0,5,Calmed,Calmed,100,7919
3,102837,713,0,5,Calmed,Calmed,100,7920
3,102840,713,0,5,Calmed,Calmed,100,7921
3,102842,713,0,5,Calmed,Calmed,100,7922
3,102845,713,0,5,Calmed,Calmed,100,7923
3,102854,713,0,5,Calmed,Calmed,100,7924
3,102857,713,0,5,Calmed,Calmed,100,7925
3,102859,713,0,5,Calmed,Calmed,100,7926
3,102861,713,0,5,Calmed,Calmed,100,7927
3,102871,712,-1,5,Calmed,Calmed,100,7928
3,102873,712,-1,5,Calmed,Calmed,100,7929
3,102876,712,-1,5,Calmed,Calmed,100,7930
3,102878,712,-1,5,Calmed,Calmed,100,7931
3,102887,712,-1,5,Calmed,Calmed,100,7932
3,102890,712,-1,5,Calmed,Calmed,100,7933
3,102892,712,-1,5,Calmed,Calmed,100,7934
3,102894,712,-1,5,Calmed,Calmed,100,7935
3,102904,712,-1,5,Calmed,Calmed,100,7936
3,102907,712,-1,5,Calmed,Calmed,100,7937
3,102909,712,-1,5,Calmed,Calmed,100,7938
3,102912,712,-1,5,Calmed,Calmed,100,7939
3,102921,712,-1,5,Calmed,Calmed,100,7940
3,102924,713,0,5,Calmed,Calmed,100,7941
3,102926,713,0,5,Calmed,Calmed,100,7942
3,102929,713,0,5,Calmed,Calmed,100,7943
3,102937,713,0,5,Calmed,Calmed,100,7944
3,102940,713,0,5,Calmed,Calmed,100,7945
3,102942,713,0,5,Calmed,Calmed,100,7946
3,102945,713,0,5,Calmed,Calmed,100,7947
3,102954,713,0,5,Calmed,Calmed,100,7948
3,102957,713,0,5,Calmed,Calmed,100,7949
3,102959,713,0,5,Calmed,Calmed,100,7950
3,102961,713,0,5,Calmed,Calmed,100,7951
3,102971,713,0,5,Calmed,Calmed,100,7952
3,102973,712,-1,5,Calmed,Calmed,100,7953
3,102976,712,-1,5,Calmed,Calmed,100,7954
3,102978,712,-1,5,Calmed,Calmed,100,7955
3,102987,712,-1,5,Calmed,Calmed,100,7956
3,102990,712,-1,5,Calmed,Calmed,100,7957
3,102992,712,-1,5,Calmed,Calmed,100,7958
3,102995,712,-1,5,Calmed,Calmed,100,7959
3,103004,712,-1,5,Calmed,Calmed,100,7960
3,103006,712,-1,5,Calmed,Calmed,100,7961
3,103009,712,-1,5,Calmed,Calmed,100,7962
3,103011,712,-1,5,Calmed,Calmed,100,7963
3,103021,712,-1,5,Calmed,Calmed,100,7964
3,103023,712,-1,5,Calmed,Calmed,100,7965
3,103025,712,-1,5,Calmed,Calmed,100,7966
3,103028,712,-1,5,Calmed,Calmed,100,7967
3,103037,712,-1,5,Calmed,Calmed,100,7968
3,103040,712,-1,5,Calmed,Calmed,100,7969
3,103042,712,-1,5,Calmed,Calmed,100,7970
3,103044,712,-1,5,Calmed,Calmed,100,7971
3,103054,712,-1,5,Calmed,Calmed,100,7972
3,103056,712,-1,5,Calmed,Calmed,100,7973
3,103059,712,-1,5,Calmed,Calmed,100,7974
3,103061,712,-1,5,Calmed,Calmed,100,7975
3,103071,712,-1,5,Calmed,Calmed,100,7976
3,103073,713,0,5,Calmed,Calmed,100,7977
3,103075,713,0,5,Calmed,Calmed,100,7978
3,103078,713,0,5,Calmed,Calmed,100,7979
3,103087,713,0,5,Calmed,Calmed,100,7980
3,103090,713,0,5,Calmed,Calmed,100,7981
3,103092,713,0,5,Calmed,Calmed,100,7982
3,103095,713,0,5,Calmed,Calmed,100,7983
3,103104,713,0,5,Calmed,Calmed,100,7984
3,103106,713,0,5,Calmed,Calmed,100,7985
3,103109,713,0,5,Calmed,Calmed,100,7986
3,103111,713,0,5,Calmed,Calmed,100,7987
3,103121,713,0,5,Calmed,Calmed,100,7988
3,103123,712,-1,5,Calmed,Calmed,100,7989
3,103125,712,-1,5,Calmed,Calmed,100,7990
3,103128,712,-1,5,Calmed,Calmed,100,7991
3,103137,712,-1,5,Calmed,Calmed,100,7992
3,103140,712,-1,5,Calmed,Calmed,100,7993
3,103142,712,-1,5,Calmed,Calmed,100,7994
3,103145,712,-1,5,Calmed,Calmed,100,7995
3,103154,712,-1,5,Calmed,Calmed,100,7996
3,103157,712,-1,5,Calmed,Calmed,100,7997
3,103159,712,-1,5,Calmed,Calmed,100,7998
3,103161,712,-1,5,Calmed,Calmed,100,7999
3,103170,712,-1,5,Calmed,Calmed,100,8000
3,103173,712,-1,5,Calmed,Calmed,100,8001
3,103175,712,-1,5,Calmed,Calmed,100,8002
3,103178,712,-1,5,Calmed,Calmed,100,8003
3,103187,712,-1,5,Calmed,Calmed,100,8004
3,103190,712,-1,5,Calmed,Calmed,100,8005
3,103192,712,-1,5,Calmed,Calmed,100,8006
3,103195,712,-1,5,Calmed,Calmed,100,8007
3,103204,712,-1,5,Calmed,Calmed,100,8008
3,103207,712,-1,5,Calmed,Calmed,100,8009
3,103209,712,-1,5,Calmed,Calmed,100,8010
3,103211,712,-1,5,Calmed,Calmed,100,8011
3,103221,712,-1,5,Calmed,Calmed,100,8012
3,103223,712,-1,5,Calmed,Calmed,100,8013
3,103226,712,-1,5,Calmed,Calmed,100,8014
3,103228,712,-1,5,Calmed,Calmed,100,8015
3,103237,712,-1,5,Calmed,Calmed,100,8016
3,103240,712,-1,5,Calmed,Calmed,100,8017
3,103242,712,-1,5,Calmed,Calmed,100,8018
3,103245,712,-1,5,Calmed,Calmed,100,8019
3,103254,712,-1,5,Calmed,Calmed,100,8020
3,103256,712,-1,5,Calmed,Calmed,100,8021
3,103259,712,-1,5,Calmed,Calmed,100,8022
3,103262,712,-1,5,Calmed,Calmed,100,8023
3,103271,712,-1,5,Calmed,Calmed,100,8024
3,103273,712,-1,5,Calmed,Calmed,100,8025
3,103276,712,-1,5,Calmed,Calmed,100,8026
3,103278,712,-1,5,Calmed,Calmed,100,8027
3,103287,712,-1,5,Calmed,Calmed,100,8028
3,103290,712,-1,5,Calmed,Calmed,100,8029
3,103292,712,-1,5,Calmed,Calmed,100,8030
3,103295,712,-1,5,Calmed,Calmed,100,8031
3,103304,712,-1,5,Calmed,Calmed,100,8032
3,103307,712,-1,5,Calmed,Calmed,100,8033
3,103309,712,-1,5,Calmed,Calmed,100,8034
3,103311,712,-1,5,Calmed,Calmed,100,8035
3,103321,712,-1,5,Calmed,Calmed,100,8036
3,103323,712,-1,5,Calmed,Calmed,100,8037
3,103326,712,-1,5,Calmed,Calmed,100,8038
3,103328,712,-1,5,Calmed,Calmed,100,8039
3,103337,712,-1,5,Calmed,Calmed,100,8040
3,103340,712,-1,5,Calmed,Calmed,100,8041
3,103342,712,-1,5,Calmed,Calmed,100,8042
3,103345,712,-1,5,Calmed,Calmed,100,8043
3,103354,712,-1,5,Calmed,Calmed,100,8044
3,103356,712,-1,5,Calmed,Calmed,100,8045
3,103359,712,-1,5,Calmed,Calmed,100,8046
3,103361,712,-1,5,Calmed,Calmed,100,8047
3,103371,712,-1,5,Calmed,Calmed,100,8048
3,103373,712,-1,5,Calmed,Calmed,100,8049
3,103376,712,-1,5,Calmed,Calmed,100,8050
3,103378,712,-1,5,Calmed,Calmed,100,8051
3,103387,712,-1,5,Calmed,Calmed,100,8052
3,103390,712,-1,5,Calmed,Calmed,100,8053
3,103392,712,-1,5,Calmed,Calmed,100,8054
3,103395,712,-1,5,Calmed,Calmed,100,8055
3,103404,712,-1,5,Calmed,Calmed,100,8056
3,103406,712,-1,5,Calmed,Calmed,100,8057
3,103409,712,-1,5,Calmed,Calmed,100,8058
3,103411,712,-1,5,Calmed,Calmed,100,8059
3,103421,712,-1,5,Calmed,Calmed,100,8060
3,103423,712,-1,5,Calmed,Calmed,100,8061
3,103426,712,-1,5,Calmed,Calmed,100,8062
3,103428,712,-1,5,Calmed,Calmed,100,8063
3,103437,712,-1,5,Calmed,Calmed,100,8064
3,103440,712,-1,5,Calmed,Calmed,100,8065
3,103442,712,-1,5,Calmed,Calmed,100,8066
3,103445,712,-1,5,Calmed,Calmed,100,8067
3,103454,712,-1,5,Calmed,Calmed,100,8068
3,103456,712,-1,5,Calmed,Calmed,100,8069
3,103459,712,-1,5,Calmed,Calmed,100,8070
3,103461,712,-1,5,Calmed,Calmed,100,8071
3,103471,712,-1,5,Calmed,Calmed,100,8072
3,103473,712,-1,5,Calmed,Calmed,100,8073
3,103476,712,-1,5,Calmed,Calmed,100,8074
3,103478,712,-1,5,Calmed,Calmed,100,8075
3,103487,712,-1,5,Calmed,Calmed,100,8076
3,103490,712,-1,5,Calmed,Calmed,100,8077
3,103492,712,-1,5,Calmed,Calmed,100,8078
3,103495,712,-1,5,Calmed,Calmed,100,8079
3,103504,712,-1,5,Calmed,Calmed,100,8080
3,103507,712,-1,5,Calmed,Calmed,100,8081
3,103509,712,-1,5,Calmed,Calmed,100,8082
3,103511,712,-1,5,Calmed,Calmed,100,8083
3,103521,712,-1,5,Calmed,Calmed,100,8084
3,103523,712,-1,5,Calmed,Calmed,100,8085
3,103526,712,-1,5,Calmed,Calmed,100,8086
3,103528,712,-1,5,Calmed,Calmed,100,8087
3,103537,712,-1,5,Calmed,Calmed,100,8088
3,103540,712,-1,5,Calmed,Calmed,100,8089
3,103542,712,-1,5,Calmed,Calmed,100,8090
3,103545,712,-1,5,Calmed,Calmed,100,8091
3,103554,712,-1,5,Calmed,Calmed,100,8092
3,103556,712,-1,5,Calmed,Calmed,100,8093
3,103559,712,-1,5,Calmed,Calmed,100,8094
3,103561,712,-1,5,Calmed,Calmed,100,8095
3,103571,712,-1,5,Calmed,Calmed,100,8096
3,103573,712,-1,5,Calmed,Calmed,100,8097
3,103576,712,-1,5,Calmed,Calmed,100,8098
3,103578,712,-1,5,Calmed,Calmed,100,8099
3,103587,712,-1,5,Calmed,Calmed,100,8100
3,103590,712,-1,5,Calmed,Calmed,100,8101
3,103592,712,-1,5,Calmed,Calmed,100,8102
3,103595,712,-1,5,Calmed,Calmed,100,8103
3,103604,712,-1,5,Calmed,Calmed,100,8104
3,103606,712,-1,5,Calmed,Calmed,100,8105
3,103609,712,-1,5,Calmed,Calmed,100,8106
3,103611,712,-1,5,Calmed,Calmed,100,8107
3,103621,712,-1,5,Calmed,Calmed,100,8108
3,103623,712,-1,5,Calmed,Calmed,100,8109
3,103626,712,-1,5,Calmed,Calmed,100,8110
3,103628,712,-1,5,Calmed,Calmed,100,8111
3,103637,712,-1,5,Calmed,Calmed,100,8112
3,103640,712,-1,5,Calmed,Calmed,100,8113
3,103642,712,-1,5,Calmed,Calmed,100,8114
3,103645,712,-1,5,Calmed,Calmed,100,8115
3,103654,712,-1,5,Calmed,Calmed,100,8116
3,103657,712,-1,5,Calmed,Calmed,100,8117
3,103659,712,-1,5,Calmed,Calmed,100,8118
3,103662,712,-1,5,Calmed,Calmed,100,8119
3,103670,712,-1,5,Calmed,Calmed,100,8120
3,103673,712,-1,5,Calmed,Calmed,100,8121
3,103675,712,-1,5,Calmed,Calmed,100,8122
3,103678,712,-1,5,Calmed,Calmed,100,8123
3,103687,712,-1,5,Calmed,Calmed,100,8124
3,103690,712,-1,5,Calmed,Calmed,100,8125
3,103692,712,-1,5,Calmed,Calmed,100,8126
3,103695,712,-1,5,Calmed,Calmed,100,8127
3,103704,712,-1,5,Calmed,Calmed,100,8128
3,103706,712,-1,5,Calmed,Calmed,100,8129
3,103709,712,-1,5,Calmed,Calmed,100,8130
3,103711,712,-1,5,Calmed,Calmed,100,8131
3,103721,712,-1,5,Calmed,Calmed,100,8132
3,103723,712,-1,5,Calmed,Calmed,100,8133
3,103726,712,-1,5,Calmed,Calmed,100,8134
3,103728,712,-1,5,Calmed,Calmed,100,8135
3,103737,712,-1,5,Calmed,Calmed,100,8136
3,103740,712,-1,5,Calmed,Calmed,100,8137
3,103742,712,-1,5,Calmed,Calmed,100,8138
3,103744,712,-1,5,Calmed,Calmed,100,8139
3,103754,712,-1,5,Calmed,Calmed,100,8140
3,103757,712,-1,5,Calmed,Calmed,100,8141
3,103759,712,-1,5,Calmed,Calmed,100,8142
3,103762,712,-1,5,Calmed,Calmed,100,8143
3,103771,712,-1,5,Calmed,Calmed,100,8144
3,103773,712,-1,5,Calmed,Calmed,100,8145
3,103776,712,-1,5,Calmed,Calmed,100,8146
3,103778,712,-1,5,Calmed,Calmed,100,8147
3,103787,712,-1,5,Calmed,Calmed,100,8148
3,103790,712,-1,5,Calmed,Calmed,100,8149
3,103792,712,-1,5,Calmed,Calmed,100,8150
3,103795,712,-1,5,Calmed,Calmed,100,8151
3,103804,712,-1,5,Calmed,Calmed,100,8152
3,103806,712,-1,5,Calmed,Calmed,100,8153
3,103809,712,-1,5,Calmed,Calmed,100,8154
3,103811,712,-1,5,Calmed,Calmed,100,8155
3,103821,712,-1,5,Calmed,Calmed,100,8156
3,103823,712,-1,5,Calmed,Calmed,100,8157
3,103825,712,-1,5,Calmed,Calmed,100,8158
3,103828,712,-1,5,Calmed,Calmed,100,8159
3,103837,712,-1,5,Calmed,Calmed,100,8160
3,103840,712,-1,5,Calmed,Calmed,100,8161
3,103842,712,-1,5,Calmed,Calmed,100,8162
3,103845,712,-1,5,Calmed,Calmed,100,8163
3,103854,712,-1,5,Calmed,Calmed,100,8164
3,103856,712,-1,5,Calmed,Calmed,100,8165
3,103859,712,-1,5,Calmed,Calmed,100,8166
3,103861,712,-1,5,Calmed,Calmed,100,8167
3,103871,712,-1,5,Calmed,Calmed,100,8168
3,103873,712,-1,5,Calmed,Calmed,100,8169
3,103876,712,-1,5,Calmed,Calmed,100,8170
3,103878,712,-1,5,Calmed,Calmed,100,8171
3,103887,712,-1,5,Calmed,Calmed,100,8172
3,103890,712,-1,5,Calmed,Calmed,100,8173
3,103892,712,-1,5,Calmed,Calmed,100,8174
3,103894,712,-1,5,Calmed,Calmed,100,8175
3,103904,712,-1,5,Calmed,Calmed,100,8176
3,103906,712,-1,5,Calmed,Calmed,100,8177
3,103909,712,-1,5,Calmed,Calmed,100,8178
3,103911,712,-1,5,Calmed,Calmed,100,8179
3,103921,712,-1,5,Calmed,Calmed,100,8180
3,103923,712,-1,5,Calmed,Calmed,100,8181
3,103926,712,-1,5,Calmed,Calmed,100,8182
3,103928,712,-1,5,Calmed,Calmed,100,8183
3,103937,712,-1,5,Calmed,Calmed,100,8184
3,103940,712,-1,5,Calmed,Calmed,100,8185
3,103942,712,-1,5,Calmed,Calmed,100,8186
3,103945,712,-1,5,Calmed,Calmed,100,8187
3,103954,712,-1,5,Calmed,Calmed,100,8188
3,103957,712,-1,5,Calmed,Calmed,100,8189
3,103959,712,-1,5,Calmed,Calmed,100,8190
3,103961,712,-1,5,Calmed,Calmed,100,8191
3,103971,712,-1,5,Calmed,Calmed,100,8192
3,103973,712,-1,5,Calmed,Calmed,100,8193
3,103975,712,-1,5,Calmed,Calmed,100,8194
3,103978,712,-1,5,Calmed,Calmed,100,8195
3,103987,712,-1,5,Calmed,Calmed,100,8196
3,103990,712,-1,5,Calmed,Calmed,100,8197
3,103992,712,-1,5,Calmed,Calmed,100,8198
3,103995,712,-1,5,Calmed,Calmed,100,8199
3,104004,712,-1,5,Calmed,Calmed,100,8200
3,104007,712,-1,5,Calmed,Calmed,100,8201
3,104009,712,-1,5,Calmed,Calmed,100,8202
3,104011,712,-1,5,Calmed,Calmed,100,8203
3,104021,712,-1,5,Calmed,Calmed,100,8204
3,104023,712,-1,5,Calmed,Calmed,100,8205
3,104025,712,-1,5,Calmed,Calmed,100,8206
3,104028,712,-1,5,Calmed,Calmed,100,8207
3,104037,712,-1,5,Calmed,Calmed,100,8208
3,104040,712,-1,5,Calmed,Calmed,100,8209
3,104042,712,-1,5,Calmed,Calmed,100,8210
3,104045,712,-1,5,Calmed,Calmed,100,8211
3,104054,712,-1,5,Calmed,Calmed,100,8212
3,104056,712,-1,5,Calmed,Calmed,100,8213
3,104059,712,-1,5,Calmed,Calmed,100,8214
3,104061,712,-1,5,Calmed,Calmed,100,8215
3,104071,712,-1,5,Calmed,Calmed,100,8216
3,104073,712,-1,5,Calmed,Calmed,100,8217
3,104076,712,-1,5,Calmed,Calmed,100,8218
3,104078,712,-1,5,Calmed,Calmed,100,8219
3,104087,712,-1,5,Calmed,Calmed,100,8220
3,104090,712,-1,5,Calmed,Calmed,100,8221
3,104092,712,-1,5,Calmed,Calmed,100,8222
3,104095,712,-1,5,Calmed,Calmed,100,8223
3,104104,712,-1,5,Calmed,Calmed,100,8224
3,104106,712,-1,5,Calmed,Calmed,100,8225
3,104109,712,-1,5,Calmed,Calmed,100,8226
3,104111,712,-1,5,Calmed,Calmed,100,8227
3,104121,712,-1,5,Calmed,Calmed,100,8228
3,104123,712,-1,5,Calmed,Calmed,100,8229
3,104126,712,-1,5,Calmed,Calmed,100,8230
3,104128,712,-1,5,Calmed,Calmed,100,8231
3,104137,712,-1,5,Calmed,Calmed,100,8232
3,104140,712,-1,5,Calmed,Calmed,100,8233
3,104143,712,-1,5,Calmed,Calmed,100,8234
3,104145,712,-1,5,Calmed,Calmed,100,8235
3,104154,712,-1,5,Calmed,Calmed,100,8236
3,104157,712,-1,5,Calmed,Calmed,100,8237
3,104159,712,-1,5,Calmed,Calmed,100,8238
3,104162,712,-1,5,Calmed,Calmed,100,8239
3,104171,712,-1,5,Calmed,Calmed,100,8240
3,104173,712,-1,5,Calmed,Calmed,100,8241
3,104175,712,-1,5,Calmed,Calmed,100,8242
3,104178,712,-1,5,Calmed,Calmed,100,8243
3,104187,712,-1,5,Calmed,Calmed,100,8244
3,104190,712,-1,5,Calmed,Calmed,100,8245
3,104192,712,-1,5,Calmed,Calmed,100,8246
3,104195,712,-1,5,Calmed,Calmed,100,8247
3,104204,712,-1,5,Calmed,Calmed,100,8248
3,104207,712,-1,5,Calmed,Calmed,100,8249
3,104209,712,-1,5,Calmed,Calmed,100,8250
3,104211,712,-1,5,Calmed,Calmed,100,8251
3,104221,712,-1,5,Calmed,Calmed,100,8252
3,104223,712,-1,5,Calmed,Calmed,100,8253
3,104226,712,-1,5,Calmed,Calmed,100,8254
3,104228,712,-1,5,Calmed,Calmed,100,8255
3,104237,712,-1,5,Calmed,Calmed,100,8256
3,104240,712,-1,5,Calmed,Calmed,100,8257
3,104242,712,-1,5,Calmed,Calmed,100,8258
3,104245,712,-1,5,Calmed,Calmed,100,8259
3,104254,712,-1,5,Calmed,Calmed,100,8260
3,104256,712,-1,5,Calmed,Calmed,100,8261
3,104259,712,-1,5,Calmed,Calmed,100,8262
3,104261,712,-1,5,Calmed,Calmed,100,8263
3,104271,712,-1,5,Calmed,Calmed,100,8264
3,104273,712,-1,5,Calmed,Calmed,100,8265
3,104275,712,-1,5,Calmed,Calmed,100,8266
3,104278,712,-1,5,Calmed,Calmed,100,8267
3,104287,712,-1,5,Calmed,Calmed,100,8268
3,104290,712,-1,5,Calmed,Calmed,100,8269
3,104292,712,-1,5,Calmed,Calmed,100,8270
3,104295,712,-1,5,Calmed,Calmed,100,8271
3,104304,712,-1,5,Calmed,Calmed,100,8272
3,104307,712,-1,5,Calmed,Calmed,100,8273
3,104309,712,-1,5,Calmed,Calmed,100,8274
3,104311,712,-1,5,Calmed,Calmed,100,8275
3,104320,712,-1,5,Calmed,Calmed,100,8276
3,104323,712,-1,5,Calmed,Calmed,100,8277
3,104325,712,-1,5,Calmed,Calmed,100,8278
3,104328,712,-1,5,Calmed,Calmed,100,8279
3,104337,712,-1,5,Calmed,Calmed,100,8280
3,104340,712,-1,5,Calmed,Calmed,100,8281
3,104342,712,-1,5,Calmed,Calmed,100,8282
3,104345,712,-1,5,Calmed,Calmed,100,8283
3,104354,712,-1,5,Calmed,Calmed,100,8284
3,104356,712,-1,5,Calmed,Calmed,100,8285
3,104359,712,-1,5,Calmed,Calmed,100,8286
3,104361,712,-1,5,Calmed,Calmed,100,8287
3,104371,712,-1,5,Calmed,Calmed,100,8288
3,104373,712,-1,5,Calmed,Calmed,100,8289
3,104376,712,-1,5,Calmed,Calmed,100,8290
3,104378,712,-1,5,Calmed,Calmed,100,8291
3,104387,712,-1,5,Calmed,Calmed,100,8292
3,104390,712,-1,5,Calmed,Calmed,100,8293
3,104392,712,-1,5,Calmed,Calmed,100,8294
3,104395,712,-1,5,Calmed,Calmed,100,8295
3,104404,712,-1,5,Calmed,Calmed,100,8296
3,104407,712,-1,5,Calmed,Calmed,100,8297
3,104409,712,-1,5,Calmed,Calmed,100,8298
3,104411,712,-1,5,Calmed,Calmed,100,8299
3,104421,712,-1,5,Calmed,Calmed,100,8300
3,104423,712,-1,5,Calmed,Calmed,100,8301
3,104426,712,-1,5,Calmed,Calmed,100,8302
3,104428,712,-1,5,Calmed,Calmed,100,8303
3,104437,712,-1,5,Calmed,Calmed,100,8304
3,104440,712,-1,5,Calmed,Calmed,100,8305
3,104443,712,-1,5,Calmed,Calmed,100,8306
3,104445,712,-1,5,Calmed,Calmed,100,8307
3,104454,712,-1,5,Calmed,Calmed,100,8308
3,104457,712,-1,5,Calmed,Calmed,100,8309
3,104459,712,-1,5,Calmed,Calmed,100,8310
3,104461,712,-1,5,Calmed,Calmed,100,8311
3,104471,712,-1,5,Calmed,Calmed,100,8312
3,104473,712,-1,5,Calmed,Calmed,100,8313
3,104476,712,-1,5,Calmed,Calmed,100,8314
3,104478,712,-1,5,Calmed,Calmed,100,8315
3,104488,712,-1,5,Calmed,Calmed,100,8316
3,104490,712,-1,5,Calmed,Calmed,100,8317
3,104493,712,-1,5,Calmed,Calmed,100,8318
3,104496,712,-1,5,Calmed,Calmed,100,8319
3,104504,712,-1,5,Calmed,Calmed,100,8320
3,104507,712,-1,5,Calmed,Calmed,100,8321
3,104510,712,-1,5,Calmed,Calmed,100,8322
3,104513,712,-1,5,Calmed,Calmed,100,8323
3,104521,712,-1,5,Calmed,Calmed,100,8324
3,104524,712,-1,5,Calmed,Calmed,100,8325
3,104527,712,-1,5,Calmed,Calmed,100,8326
3,104530,712,-1,5,Calmed,Calmed,100,8327
3,104538,712,-1,5,Calmed,Calmed,100,8328
3,104540,712,-1,5,Calmed,Calmed,100,8329
3,104543,712,-1,5,Calmed,Calmed,100,8330
3,104546,712,-1,5,Calmed,Calmed,100,8331
3,104554,712,-1,5,Calmed,Calmed,100,8332
3,104557,712,-1,5,Calmed,Calmed,100,8333
3,104560,712,-1,5,Calmed,Calmed,100,8334
3,104571,712,-1,5,Calmed,Calmed,100,8335
3,104574,712,-1,5,Calmed,Calmed,100,8336
3,104577,712,-1,5,Calmed,Calmed,100,8337
3,104580,712,-1,5,Calmed,Calmed,100,8338
3,104588,712,-1,5,Calmed,Calmed,100,8339
3,104591,712,-1,5,Calmed,Calmed,100,8340
3,104593,712,-1,5,Calmed,Calmed,100,8341
3,104596,712,-1,5,Calmed,Calmed,100,8342
3,104604,712,-1,5,Calmed,Calmed,100,8343
3,104607,712,-1,5,Calmed,Calmed,100,8344
3,104609,712,-1,5,Calmed,Calmed,100,8345
3,104612,712,-1,5,Calmed,Calmed,100,8346
3,104621,712,-1,5,Calmed,Calmed,100,8347
3,104624,712,-1,5,Calmed,Calmed,100,8348
3,104627,712,-1,5,Calmed,Calmed,100,8349
3,104638,712,-1,5,Calmed,Calmed,100,8350
3,104641,712,-1,5,Calmed,Calmed,100,8351
3,104643,712,-1,5,Calmed,Calmed,100,8352
3,104646,712,-1,5,Calmed,Calmed,100,8353
3,104654,712,-1,5,Calmed,Calmed,100,8354
3,104657,712,-1,5,Calmed,Calmed,100,8355
3,104660,712,-1,5,Calmed,Calmed,100,8356
3,104671,712,-1,5,Calmed,Calmed,100,8357
3,104674,712,-1,5,Calmed,Calmed,100,8358
3,104677,712,-1,5,Calmed,Calmed,100,8359
3,104688,712,-1,5,Calmed,Calmed,100,8360
3,104690,712,-1,5,Calmed,Calmed,100,8361
3,104693,712,-1,5,Calmed,Calmed,100,8362
3,104695,712,-1,5,Calmed,Calmed,100,8363
3,104704,712,-1,5,Calmed,Calmed,100,8364
3,104707,712,-1,5,Calmed,Calmed,100,8365
3,104710,712,-1,5,Calmed,Calmed,100,8366
3,104721,712,-1,5,Calmed,Calmed,100,8367
3,104724,712,-1,5,Calmed,Calmed,100,8368
3,104727,712,-1,5,Calmed,Calmed,100,8369
3,104729,712,-1,5,Calmed,Calmed,100,8370
3,104738,712,-1,5,Calmed,Calmed,100,8371
3,104741,712,-1,5,Calmed,Calmed,100,8372
3,104744,712,-1,5,Calmed,Calmed,100,8373
3,104747,712,-1,5,Calmed,Calmed,100,8374
3,104755,712,-1,5,Calmed,Calmed,100,8375
3,104758,712,-1,5,Calmed,Calmed,100,8376
3,104761,712,-1,5,Calmed,Calmed,100,8377
3,104771,712,-1,5,Calmed,Calmed,100,8378
3,104774,712,-1,5,Calmed,Calmed,100,8379
3,104777,712,-1,5,Calmed,Calmed,100,8380
3,104788,712,-1,5,Calmed,Calmed,100,8381
3,104791,712,-1,5,Calmed,Calmed,100,8382
3,104794,712,-1,5,Calmed,Calmed,100,8383
3,104804,712,-1,5,Calmed,Calmed,100,8384
3,104808,712,-1,5,Calmed,Calmed,100,8385
3,104811,712,-1,5,Calmed,Calmed,100,8386
3,104821,712,-1,5,Calmed,Calmed,100,8387
3,104824,712,-1,5,Calmed,Calmed,100,8388
3,104827,712,-1,5,Calmed,Calmed,100,8389
3,104838,712,-1,5,Calmed,Calmed,100,8390
3,104840,712,-1,5,Calmed,Calmed,100,8391
3,104843,712,-1,5,Calmed,Calmed,100,8392
3,104854,712,-1,5,Calmed,Calmed,100,8393
3,104857,712,-1,5,Calmed,Calmed,100,8394
3,104860,712,-1,5,Calmed,Calmed,100,8395
3,104862,712,-1,5,Calmed,Calmed,100,8396
3,104871,712,-1,5,Calmed,Calmed,100,8397
3,104873,712,-1,5,Calmed,Calmed,100,8398
3,104876,712,-1,5,Calmed,Calmed,100,8399
3,104878,712,-1,5,Calmed,Calmed,100,8400
3,104887,712,-1,5,Calmed,Calmed,100,8401
3,104890,712,-1,5,Calmed,Calmed,100,8402
3,104892,712,-1,5,Calmed,Calmed,100,8403
3,104895,712,-1,5,Calmed,Calmed,100,8404
3,104904,712,-1,5,Calmed,Calmed,100,8405
3,104907,712,-1,5,Calmed,Calmed,100,8406
3,104909,712,-1,5,Calmed,Calmed,100,8407
3,104912,712,-1,5,Calmed,Calmed,100,8408
3,104921,712,-1,5,Calmed,Calmed,100,8409
3,104923,712,-1,5,Calmed,Calmed,100,8410
3,104926,712,-1,5,Calmed,Calmed,100,8411
3,104928,712,-1,5,Calmed,Calmed,100,8412
3,104944,712,-1,5,Calmed,Calmed,100,8413
3,104947,712,-1,5,Calmed,Calmed,100,8414
3,104949,712,-1,5,Calmed,Calmed,100,8415
3,104952,712,-1,5,Calmed,Calmed,100,8416
3,104954,712,-1,5,Calmed,Calmed,100,8417
3,104957,712,-1,5,Calmed,Calmed,100,8418
3,104960,712,-1,5,Calmed,Calmed,100,8419
3,104962,712,-1,5,Calmed,Calmed,100,8420
3,104964,712,-1,5,Calmed,Calmed,100,8421
3,104967,712,-1,5,Calmed,Calmed,100,8422
3,104969,712,-1,5,Calmed,Calmed,100,8423
3,104972,712,-1,5,Calmed,Calmed,100,8424
3,104974,712,-1,5,Calmed,Calmed,100,8425
3,104976,712,-1,5,Calmed,Calmed,100,8426
3,104979,712,-1,5,Calmed,Calmed,100,8427
3,104981,712,-1,5,Calmed,Calmed,100,8428
3,104984,712,-1,5,Calmed,Calmed,100,8429
3,104986,712,-1,5,Calmed,Calmed,100,8430
3,104989,712,-1,5,Calmed,Calmed,100,8431
3,104991,712,-1,5,Calmed,Calmed,100,8432
3,104995,712,-1,5,Calmed,Calmed,100,8433
3,104997,712,-1,5,Calmed,Calmed,100,8434
3,105000,712,-1,5,Calmed,Calmed,100,8435
3,105003,712,-1,5,Calmed,Calmed,100,8436
3,105007,712,-1,5,Calmed,Calmed,100,8437
3,105009,712,-1,5,Calmed,Calmed,100,8438
3,105012,712,-1,5,Calmed,Calmed,100,8439
3,105014,712,-1,5,Calmed,Calmed,100,8440
3,105016,712,-1,5,Calmed,Calmed,100,8441
3,105019,712,-1,5,Calmed,Calmed,100,8442
3,105022,712,-1,5,Calmed,Calmed,100,8443
3,105024,712,-1,5,Calmed,Calmed,100,8444
3,105027,712,-1,5,Calmed,Calmed,100,8445
3,105029,712,-1,5,Calmed,Calmed,100,8446
3,105034,712,-1,5,Calmed,Calmed,100,8447
3,105037,712,-1,5,Calmed,Calmed,100,8448
3,105040,712,-1,5,Calmed,Calmed,100,8449
3,105042,712,-1,5,Calmed,Calmed,100,8450
3,105045,712,-1,5,Calmed,Calmed,100,8451
3,105047,712,-1,5,Calmed,Calmed,100,8452
3,105050,712,-1,5,Calmed,Calmed,100,8453
3,105053,712,-1,5,Calmed,Calmed,100,8454
3,105056,712,-1,5,Calmed,Calmed,100,8455
3,105058,712,-1,5,Calmed,Calmed,100,8456
3,105061,712,-1,5,Calmed,Calmed,100,8457
3,105063,712,-1,5,Calmed,Calmed,100,8458
3,105066,712,-1,5,Calmed,Calmed,100,8459
3,105068,712,-1,5,Calmed,Calmed,100,8460
3,105073,712,-1,5,Calmed,Calmed,100,8461
3,105076,712,-1,5,Calmed,Calmed,100,8462
3,105078,712,-1,5,Calmed,Calmed,100,8463
3,105081,712,-1,5,Calmed,Calmed,100,8464
3,105083,712,-1,5,Calmed,Calmed,100,8465
3,105086,712,-1,5,Calmed,Calmed,100,8466
3,105089,712,-1,5,Calmed,Calmed,100,8467
3,105092,712,-1,5,Calmed,Calmed,100,8468
3,105094,712,-1,5,Calmed,Calmed,100,8469
3,105097,712,-1,5,Calmed,Calmed,100,8470
3,105099,712,-1,5,Calmed,Calmed,100,8471
3,105102,712,-1,5,Calmed,Calmed,100,8472
3,105107,712,-1,5,Calmed,Calmed,100,8473
3,105110,712,-1,5,Calmed,Calmed,100,8474
3,105112,712,-1,5,Calmed,Calmed,100,8475
3,105115,712,-1,5,Calmed,Calmed,100,8476
3,105117,712,-1,5,Calmed,Calmed,100,8477
3,105120,712,-1,5,Calmed,Calmed,100,8478
3,105124,712,-1,5,Calmed,Calmed,100,8479
3,105126,712,-1,5,Calmed,Calmed,100,8480
3,105129,712,-1,5,Calmed,Calmed,100,8481
3,105131,712,-1,5,Calmed,Calmed,100,8482
3,105133,712,-1,5,Calmed,Calmed,100,8483
3,105138,712,-1,5,Calmed,Calmed,100,8484
3,105141,712,-1,5,Calmed,Calmed,100,8485
3,105144,712,-1,5,Calmed,Calmed,100,8486
3,105146,712,-1,5,Calmed,Calmed,100,8487
3,105148,712,-1,5,Calmed,Calmed,100,8488
3,105153,712,-1,5,Calmed,Calmed,100,8489
3,105157,712,-1,5,Calmed,Calmed,100,8490
3,105159,712,-1,5,Calmed,Calmed,100,8491
3,105161,712,-1,5,Calmed,Calmed,100,8492
3,105164,712,-1,5,Calmed,Calmed,100,8493
3,105166,712,-1,5,Calmed,Calmed,100,8494
3,105169,712,-1,5,Calmed,Calmed,100,8495
3,105173,712,-1,5,Calmed,Calmed,100,8496
3,105175,712,-1,5,Calmed,Calmed,100,8497
3,105177,712,-1,5,Calmed,Calmed,100,8498
3,105180,712,-1,5,Calmed,Calmed,100,8499
3,105182,712,-1,5,Calmed,Calmed,100,8500
3,105187,712,-1,5,Calmed,Calmed,100,8501
3,105191,712,-1,5,Calmed,Calmed,100,8502
3,105193,712,-1,5,Calmed,Calmed,100,8503
3,105195,712,-1,5,Calmed,Calmed,100,8504
3,105198,712,-1,5,Calmed,Calmed,100,8505
3,105202,712,-1,5,Calmed,Calmed,100,8506
3,105206,712,-1,5,Calmed,Calmed,100,8507
3,105208,712,-1,5,Calmed,Calmed,100,8508
3,105211,712,-1,5,Calmed,Calmed,100,8509
3,105213,712,-1,5,Calmed,Calmed,100,8510
3,105216,712,-1,5,Calmed,Calmed,100,8511
3,105218,712,-1,5,Calmed,Calmed,100,8512
3,105222,712,-1,5,Calmed,Calmed,100,8513
3,105224,712,-1,5,Calmed,Calmed,100,8514
3,105227,712,-1,5,Calmed,Calmed,100,8515
3,105229,712,-1,5,Calmed,Calmed,100,8516
3,105233,712,-1,5,Calmed,Calmed,100,8517
3,105236,712,-1,5,Calmed,Calmed,100,8518
3,105239,712,-1,5,Calmed,Calmed,100,8519
3,105242,712,-1,5,Calmed,Calmed,100,8520
3,105244,712,-1,5,Calmed,Calmed,100,8521
3,105249,712,-1,5,Calmed,Calmed,100,8522
3,105251,712,-1,5,Calmed,Calmed,100,8523
3,105254,712,-1,5,Calmed,Calmed,100,8524
3,105257,712,-1,5,Calmed,Calmed,100,8525
3,105260,712,-1,5,Calmed,Calmed,100,8526
3,105262,712,-1,5,Calmed,Calmed,100,8527
3,105265,712,-1,5,Calmed,Calmed,100,8528
3,105267,712,-1,5,Calmed,Calmed,100,8529
3,105270,712,-1,5,Calmed,Calmed,100,8530
3,105273,712,-1,5,Calmed,Calmed,100,8531
3,105275,712,-1,5,Calmed,Calmed,100,8532
3,105278,712,-1,5,Calmed,Calmed,100,8533
3,105280,712,-1,5,Calmed,Calmed,100,8534
3,105283,712,-1,5,Calmed,Calmed,100,8535
3,105285,712,-1,5,Calmed,Calmed,100,8536
3,105291,712,-1,5,Calmed,Calmed,100,8537
3,105293,712,-1,5,Calmed,Calmed,100,8538
3,105296,712,-1,5,Calmed,Calmed,100,8539
3,105298,712,-1,5,Calmed,Calmed,100,8540
3,105301,712,-1,5,Calmed,Calmed,100,8541
3,105304,712,-1,5,Calmed,Calmed,100,8542
3,105307,712,-1,5,Calmed,Calmed,100,8543
3,105309,712,-1,5,Calmed,Calmed,100,8544
3,105312,712,-1,5,Calmed,Calmed,100,8545
3,105314,712,-1,5,Calmed,Calmed,100,8546
3,105317,712,-1,5,Calmed,Calmed,100,8547
3,105320,712,-1,5,Calmed,Calmed,100,8548
3,105323,712,-1,5,Calmed,Calmed,100,8549
3,105325,712,-1,5,Calmed,Calmed,100,8550
3,105328,712,-1,5,Calmed,Calmed,100,8551
3,105330,712,-1,5,Calmed,Calmed,100,8552
3,105333,712,-1,5,Calmed,Calmed,100,8553
3,105337,712,-1,5,Calmed,Calmed,100,8554
3,105341,712,-1,5,Calmed,Calmed,100,8555
3,105343,712,-1,5,Calmed,Calmed,100,8556
3,105346,712,-1,5,Calmed,Calmed,100,8557
3,105348,712,-1,5,Calmed,Calmed,100,8558
3,105350,712,-1,5,Calmed,Calmed,100,8559
3,105354,712,-1,5,Calmed,Calmed,100,8560
3,105356,712,-1,5,Calmed,Calmed,100,8561
3,105359,712,-1,5,Calmed,Calmed,100,8562
3,105361,712,-1,5,Calmed,Calmed,100,8563
3,105364,712,-1,5,Calmed,Calmed,100,8564
3,105366,712,-1,5,Calmed,Calmed,100,8565
3,105369,712,-1,5,Calmed,Calmed,100,8566
3,105372,712,-1,5,Calmed,Calmed,100,8567
3,105375,712,-1,5,Calmed,Calmed,100,8568
3,105377,712,-1,5,Calmed,Calmed,100,8569
3,105380,712,-1,5,Calmed,Calmed,100,8570
3,105382,712,-1,5,Calmed,Calmed,100,8571
3,105385,712,0,5,Calmed,Calmed,100,8572
3,105388,712,0,5,Calmed,Calmed,100,8573
3,105393,712,0,5,Calmed,Calmed,100,8574
3,105395,712,0,5,Calmed,Calmed,100,8575
3,105397,712,0,5,Calmed,Calmed,100,8576
3,105400,712,0,5,Calmed,Calmed,100,8577
3,105403,712,0,5,Calmed,Calmed,100,8578
3,105406,712,0,5,Calmed,Calmed,100,8579
3,105410,712,0,5,Calmed,Calmed,100,8580
3,105413,712,0,5,Calmed,Calmed,100,8581
3,105415,712,0,5,Calmed,Calmed,100,8582
3,105418,712,0,5,Calmed,Calmed,100,8583
3,105421,712,0,5,Calmed,Calmed,100,8584
3,105424,712,0,5,Calmed,Calmed,100,8585
3,105426,712,0,5,Calmed,Calmed,100,8586
3,105429,712,0,5,Calmed,Calmed,100,8587
3,105431,712,0,5,Calmed,Calmed,100,8588
3,105434,712,-1,5,Calmed,Calmed,100,8589
3,105437,712,-1,5,Calmed,Calmed,100,8590
3,105442,712,-1,5,Calmed,Calmed,100,8591
3,105444,712,-1,5,Calmed,Calmed,100,8592
3,105447,712,-1,5,Calmed,Calmed,100,8593
3,105449,712,-1,5,Calmed,Calmed,100,8594
3,105452,712,-1,5,Calmed,Calmed,100,8595
3,105455,712,-1,5,Calmed,Calmed,100,8596
3,105460,712,-1,5,Calmed,Calmed,100,8597
3,105462,712,-1,5,Calmed,Calmed,100,8598
3,105464,712,-1,5,Calmed,Calmed,100,8599
3,105467,712,-1,5,Calmed,Calmed,100,8600
3,105470,712,-1,5,Calmed,Calmed,100,8601
3,105473,712,-1,5,Calmed,Calmed,100,8602
3,105475,712,-1,5,Calmed,Calmed,100,8603
3,105478,712,-1,5,Calmed,Calmed,100,8604
3,105480,712,-1,5,Calmed,Calmed,100,8605
3,105483,712,-1,5,Calmed,Calmed,100,8606
3,105485,712,0,5,Calmed,Calmed,100,8607
3,105491,712,0,5,Calmed,Calmed,100,8608
3,105493,712,0,5,Calmed,Calmed,100,8609
3,105496,712,0,5,Calmed,Calmed,100,8610
3,105498,712,0,5,Calmed,Calmed,100,8611
3,105501,712,0,5,Calmed,Calmed,100,8612
3,105504,712,0,5,Calmed,Calmed,100,8613
3,105507,712,0,5,Calmed,Calmed,100,8614
3,105509,712,0,5,Calmed,Calmed,100,8615
3,105514,712,0,5,Calmed,Calmed,100,8616
3,105516,712,0,5,Calmed,Calmed,100,8617
3,105519,712,0,5,Calmed,Calmed,100,8618
3,105522,712,0,5,Calmed,Calmed,100,8619
3,105525,712,0,5,Calmed,Calmed,100,8620
3,105527,712,0,5,Calmed,Calmed,100,8621
3,105529,712,0,5,Calmed,Calmed,100,8622
3,105532,712,0,5,Calmed,Calmed,100,8623
3,105535,712,0,5,Calmed,Calmed,100,8624
3,105538,712,0,5,Calmed,Calmed,100,8625
3,105542,712,0,5,Calmed,Calmed,100,8626
3,105545,712,0,5,Calmed,Calmed,100,8627
3,105547,712,0,5,Calmed,Calmed,100,8628
3,105550,712,0,5,Calmed,Calmed,100,8629
3,105553,712,0,5,Calmed,Calmed,100,8630
3,105556,712,0,5,Calmed,Calmed,100,8631
3,105558,712,0,5,Calmed,Calmed,100,8632
3,105561,712,0,5,Calmed,Calmed,100,8633
3,105563,712,0,5,Calmed,Calmed,100,8634
3,105566,712,0,5,Calmed,Calmed,100,8635
3,105568,712,0,5,Calmed,Calmed,100,8636
3,105572,712,0,5,Calmed,Calmed,100,8637
3,105574,712,0,5,Calmed,Calmed,100,8638
3,105577,712,0,5,Calmed,Calmed,100,8639
3,105579,712,0,5,Calmed,Calmed,100,8640
3,105582,712,0,5,Calmed,Calmed,100,8641
3,105584,712,0,5,Calmed,Calmed,100,8642
3,105587,712,0,5,Calmed,Calmed,100,8643
3,105590,712,-1,5,Calmed,Calmed,100,8644
3,105595,712,-1,5,Calmed,Calmed,100,8645
3,105597,712,-1,5,Calmed,Calmed,100,8646
3,105599,712,-1,5,Calmed,Calmed,100,8647
3,105602,712,-1,5,Calmed,Calmed,100,8648
3,105605,712,-1,5,Calmed,Calmed,100,8649
3,105608,712,-1,5,Calmed,Calmed,100,8650
3,105610,712,-1,5,Calmed,Calmed,100,8651
3,105613,712,-1,5,Calmed,Calmed,100,8652
3,105617,712,-1,5,Calmed,Calmed,100,8653
3,105620,712,-1,5,Calmed,Calmed,100,8654
3,105623,712,-1,5,Calmed,Calmed,100,8655
3,105626,712,-1,5,Calmed,Calmed,100,8656
3,105628,712,-1,5,Calmed,Calmed,100,8657
3,105631,712,-1,5,Calmed,Calmed,100,8658
3,105633,712,-1,5,Calmed,Calmed,100,8659
3,105636,712,-1,5,Calmed,Calmed,100,8660
3,105639,712,-1,5,Calmed,Calmed,100,8661
3,105642,712,0,5,Calmed,Calmed,100,8662
3,105646,712,0,5,Calmed,Calmed,100,8663
3,105649,712,0,5,Calmed,Calmed,100,8664
3,105651,712,0,5,Calmed,Calmed,100,8665
3,105654,712,0,5,Calmed,Calmed,100,8666
3,105657,712,0,5,Calmed,Calmed,100,8667
3,105659,712,0,5,Calmed,Calmed,100,8668
3,105662,712,0,5,Calmed,Calmed,100,8669
3,105666,712,0,5,Calmed,Calmed,100,8670
3,105669,712,0,5,Calmed,Calmed,100,8671
3,105672,712,0,5,Calmed,Calmed,100,8672
3,105675,712,0,5,Calmed,Calmed,100,8673
3,105677,712,0,5,Calmed,Calmed,100,8674
3,105680,712,0,5,Calmed,Calmed,100,8675
3,105682,712,0,5,Calmed,Calmed,100,8676
3,105685,712,0,5,Calmed,Calmed,100,8677
3,105688,712,0,5,Calmed,Calmed,100,8678
3,105691,712,0,5,Calmed,Calmed,100,8679
3,105693,712,0,5,Calmed,Calmed,100,8680
3,105698,712,0,5,Calmed,Calmed,100,8681
3,105700,712,0,5,Calmed,Calmed,100,8682
3,105703,712,0,5,Calmed,Calmed,100,8683
3,105706,712,0,5,Calmed,Calmed,100,8684
3,105709,712,0,5,Calmed,Calmed,100,8685
3,105711,712,0,5,Calmed,Calmed,100,8686
3,105714,712,0,5,Calmed,Calmed,100,8687
3,105716,712,0,5,Calmed,Calmed,100,8688
3,105719,712,0,5,Calmed,Calmed,100,8689
3,105722,712,0,5,Calmed,Calmed,100,8690
3,105725,712,0,5,Calmed,Calmed,100,8691
3,105727,712,0,5,Calmed,Calmed,100,8692
3,105730,712,0,5,Calmed,Calmed,100,8693
3,105732,712,0,5,Calmed,Calmed,100,8694
3,105734,712,0,5,Calmed,Calmed,100,8695
3,105739,712,0,5,Calmed,Calmed,100,8696
3,105741,712,0,5,Calmed,Calmed,100,8697
3,105743,712,0,5,Calmed,Calmed,100,8698
3,105746,712,0,5,Calmed,Calmed,100,8699
3,105748,712,0,5,Calmed,Calmed,100,8700
3,105750,712,0,5,Calmed,Calmed,100,8701
3,105756,712,0,5,Calmed,Calmed,100,8702
3,105758,712,0,5,Calmed,Calmed,100,8703
3,105761,712,0,5,Calmed,Calmed,100,8704
3,105763,712,0,5,Calmed,Calmed,100,8705
3,105766,712,0,5,Calmed,Calmed,100,8706
3,105768,712,0,5,Calmed,Calmed,100,8707
3,105772,712,0,5,Calmed,Calmed,100,8708
3,105774,712,0,5,Calmed,Calmed,100,8709
3,105776,712,0,5,Calmed,Calmed,100,8710
3,105779,712,0,5,Calmed,Calmed,100,8711
3,105781,712,0,5,Calmed,Calmed,100,8712
3,105784,712,0,5,Calmed,Calmed,100,8713
3,105787,712,0,5,Calmed,Calmed,100,8714
3,105790,712,0,5,Calmed,Calmed,100,8715
3,105792,712,0,5,Calmed,Calmed,100,8716
3,105795,712,0,5,Calmed,Calmed,100,8717
3,105797,712,0,5,Calmed,Calmed,100,8718
3,105802,712,0,5,Calmed,Calmed,100,8719
3,105805,712,0,5,Calmed,Calmed,100,8720
3,105808,712,0,5,Calmed,Calmed,100,8721
3,105810,712,0,5,Calmed,Calmed,100,8722
3,105813,712,0,5,Calmed,Calmed,100,8723
3,105815,712,0,5,Calmed,Calmed,100,8724
3,105818,712,0,5,Calmed,Calmed,100,8725
3,105821,712,0,5,Calmed,Calmed,100,8726
3,105824,712,0,5,Calmed,Calmed,100,8727
3,105826,712,0,5,Calmed,Calmed,100,8728
3,105829,712,0,5,Calmed,Calmed,100,8729
3,105831,712,0,5,Calmed,Calmed,100,8730
3,105834,712,0,5,Calmed,Calmed,100,8731
3,105837,712,0,5,Calmed,Calmed,100,8732
3,105840,712,0,5,Calmed,Calmed,100,8733
3,105842,712,0,5,Calmed,Calmed,100,8734
3,105845,712,0,5,Calmed,Calmed,100,8735
3,105847,712,0,5,Calmed,Calmed,100,8736
3,105851,712,0,5,Calmed,Calmed,100,8737
3,105855,712,0,5,Calmed,Calmed,100,8738
3,105858,712,0,5,Calmed,Calmed,100,8739
3,105860,712,0,5,Calmed,Calmed,100,8740
3,105862,712,0,5,Calmed,Calmed,100,8741
3,105865,712,0,5,Calmed,Calmed,100,8742
3,105870,712,0,5,Calmed,Calmed,100,8743
3,105873,712,0,5,Calmed,Calmed,100,8744
3,105875,712,0,5,Calmed,Calmed,100,8745
3,105878,712,0,5,Calmed,Calmed,100,8746
3,105880,712,0,5,Calmed,Calmed,100,8747
3,105883,712,0,5,Calmed,Calmed,100,8748
3,105885,712,0,5,Calmed,Calmed,100,8749
3,105889,712,0,5,Calmed,Calmed,100,8750
3,105891,712,0,5,Calmed,Calmed,100,8751
3,105894,712,0,5,Calmed,Calmed,100,8752
3,105896,712,0,5,Calmed,Calmed,100,8753
3,105899,712,0,5,Calmed,Calmed,100,8754
3,105901,712,0,5,Calmed,Calmed,100,8755
3,105907,712,0,5,Calmed,Calmed,100,8756
3,105909,712,0,5,Calmed,Calmed,100,8757
3,105912,712,0,5,Calmed,Calmed,100,8758
3,105914,712,0,5,Calmed,Calmed,100,8759
3,105916,712,0,5,Calmed,Calmed,100,8760
3,105919,712,0,5,Calmed,Calmed,100,8761
3,105923,712,0,5,Calmed,Calmed,100,8762
3,105925,712,0,5,Calmed,Calmed,100,8763
3,105930,712,0,5,Calmed,Calmed,100,8764
3,105932,712,0,5,Calmed,Calmed,100,8765
3,105934,712,0,5,Calmed,Calmed,100,8766
3,105937,712,0,5,Calmed,Calmed,100,8767
3,105940,712,0,5,Calmed,Calmed,100,8768
3,105943,712,0,5,Calmed,Calmed,100,8769
3,105945,712,0,5,Calmed,Calmed,100,8770
3,105948,712,0,5,Calmed,Calmed,100,8771
3,105950,712,0,5,Calmed,Calmed,100,8772
3,105956,712,0,5,Calmed,Calmed,100,8773
3,105958,712,0,5,Calmed,Calmed,100,8774
3,105961,712,0,5,Calmed,Calmed,100,8775
3,105963,712,0,5,Calmed,Calmed,100,8776
3,105966,712,0,5,Calmed,Calmed,100,8777
3,105968,712,0,5,Calmed,Calmed,100,8778
3,105972,712,0,5,Calmed,Calmed,100,8779
3,105974,712,0,5,Calmed,Calmed,100,8780
3,105978,712,0,5,Calmed,Calmed,100,8781
3,105981,712,0,5,Calmed,Calmed,100,8782
3,105983,712,0,5,Calmed,Calmed,100,8783
3,105986,712,0,5,Calmed,Calmed,100,8784
3,105989,712,0,5,Calmed,Calmed,100,8785
3,105992,712,0,5,Calmed,Calmed,100,8786
3,105994,712,0,5,Calmed,Calmed,100,8787
3,105997,712,0,5,Calmed,Calmed,100,8788
3,105999,712,0,5,Calmed,Calmed,100,8789
3,106002,712,0,5,Calmed,Calmed,100,8790
3,106005,712,0,5,Calmed,Calmed,100,8791
3,106010,712,0,5,Calmed,Calmed,100,8792
3,106012,712,0,5,Calmed,Calmed,100,8793
3,106015,712,0,5,Calmed,Calmed,100,8794
3,106017,712,0,5,Calmed,Calmed,100,8795
3,106020,712,0,5,Calmed,Calmed,100,8796
3,106023,712,0,5,Calmed,Calmed,100,8797
3,106025,712,0,5,Calmed,Calmed,100,8798
3,106028,712,0,5,Calmed,Calmed,100,8799
3,106030,712,0,5,Calmed,Calmed,100,8800
3,106035,712,0,5,Calmed,Calmed,100,8801
3,106038,712,0,5,Calmed,Calmed,100,8802
3,106041,712,0,5,Calmed,Calmed,100,8803
3,106043,712,0,5,Calmed,Calmed,100,8804
3,106046,712,0,5,Calmed,Calmed,100,8805
3,106048,712,0,5,Calmed,Calmed,100,8806
3,106051,712,0,5,Calmed,Calmed,100,8807
3,106054,712,0,5,Calmed,Calmed,100,8808
3,106059,712,0,5,Calmed,Calmed,100,8809
3,106062,712,0,5,Calmed,Calmed,100,8810
3,106064,712,0,5,Calmed,Calmed,100,8811
3,106066,712,0,5,Calmed,Calmed,100,8812
3,106069,712,0,5,Calmed,Calmed,100,8813
3,106072,712,0,5,Calmed,Calmed,100,8814
3,106075,712,0,5,Calmed,Calmed,100,8815
3,106077,712,0,5,Calmed,Calmed,100,8816
3,106082,712,0,5,Calmed,Calmed,100,8817
3,106084,712,0,5,Calmed,Calmed,100,8818
3,106087,712,0,5,Calmed,Calmed,100,8819
3,106090,712,0,5,Calmed,Calmed,100,8820
3,106093,712,0,5,Calmed,Calmed,100,8821
3,106095,712,0,5,Calmed,Calmed,100,8822
3,106098,712,0,5,Calmed,Calmed,100,8823
3,106100,712,0,5,Calmed,Calmed,100,8824
3,106105,712,0,5,Calmed,Calmed,100,8825
3,106108,712,0,5,Calmed,Calmed,100,8826
3,106110,712,0,5,Calmed,Calmed,100,8827
3,106113,712,0,5,Calmed,Calmed,100,8828
3,106115,712,0,5,Calmed,Calmed,100,8829
3,106118,712,0,5,Calmed,Calmed,100,8830
3,106121,712,0,5,Calmed,Calmed,100,8831
3,106124,712,0,5,Calmed,Calmed,100,8832
3,106126,712,0,5,Calmed,Calmed,100,8833
3,106131,712,0,5,Calmed,Calmed,100,8834
3,106133,712,0,5,Calmed,Calmed,100,8835
3,106136,712,0,5,Calmed,Calmed,100,8836
3,106139,712,0,5,Calmed,Calmed,100,8837
3,106142,712,0,5,Calmed,Calmed,100,8838
3,106144,712,0,5,Calmed,Calmed,100,8839
3,106147,712,0,5,Calmed,Calmed,100,8840
3,106149,712,0,5,Calmed,Calmed,100,8841
3,106152,712,0,5,Calmed,Calmed,100,8842
3,106155,712,0,5,Calmed,Calmed,100,8843
3,106160,712,0,5,Calmed,Calmed,100,8844
3,106162,712,0,5,Calmed,Calmed,100,8845
3,106165,712,0,5,Calmed,Calmed,100,8846
3,106167,712,0,5,Calmed,Calmed,100,8847
3,106170,712,0,5,Calmed,Calmed,100,8848
3,106173,712,0,5,Calmed,Calmed,100,8849
3,106175,712,0,5,Calmed,Calmed,100,8850
3,106178,712,0,5,Calmed,Calmed,100,8851
3,106180,712,0,5,Calmed,Calmed,100,8852
3,106183,712,0,5,Calmed,Calmed,100,8853
3,106185,712,0,5,Calmed,Calmed,100,8854
3,106189,712,0,5,Calmed,Calmed,100,8855
3,106191,712,0,5,Calmed,Calmed,100,8856
3,106194,712,0,5,Calmed,Calmed,100,8857
3,106196,712,0,5,Calmed,Calmed,100,8858
3,106199,712,0,5,Calmed,Calmed,100,8859
3,106201,712,0,5,Calmed,Calmed,100,8860
3,106205,712,0,5,Calmed,Calmed,100,8861
3,106209,712,0,5,Calmed,Calmed,100,8862
3,106212,712,0,5,Calmed,Calmed,100,8863
3,106214,712,0,5,Calmed,Calmed,100,8864
3,106217,712,0,5,Calmed,Calmed,100,8865
3,106219,712,0,5,Calmed,Calmed,100,8866
3,106223,712,0,5,Calmed,Calmed,100,8867
3,106225,712,0,5,Calmed,Calmed,100,8868
3,106228,712,0,5,Calmed,Calmed,100,8869
3,106230,712,0,5,Calmed,Calmed,100,8870
3,106232,712,0,5,Calmed,Calmed,100,8871
3,106235,712,0,5,Calmed,Calmed,100,8872
3,106239,712,0,5,Calmed,Calmed,100,8873
3,106241,712,0,5,Calmed,Calmed,100,8874
3,106243,712,0,5,Calmed,Calmed,100,8875
3,106246,712,0,5,Calmed,Calmed,100,8876
3,106248,712,0,5,Calmed,Calmed,100,8877
3,106251,712,0,5,Calmed,Calmed,100,8878
3,106254,712,0,5,Calmed,Calmed,100,8879
3,106257,712,0,5,Calmed,Calmed,100,8880
3,106261,712,0,5,Calmed,Calmed,100,8881
3,106264,712,0,5,Calmed,Calmed,100,8882
3,106266,712,0,5,Calmed,Calmed,100,8883
3,106269,712,0,5,Calmed,Calmed,100,8884
3,106273,712,0,5,Calmed,Calmed,100,8885
3,106276,712,0,5,Calmed,Calmed,100,8886
3,106278,712,0,5,Calmed,Calmed,100,8887
3,106281,712,0,5,Calmed,Calmed,100,8888
3,106284,712,0,5,Calmed,Calmed,100,8889
3,106287,712,0,5,Calmed,Calmed,100,8890
3,106290,712,0,5,Calmed,Calmed,100,8891
3,106292,712,0,5,Calmed,Calmed,100,8892
3,106295,712,0,5,Calmed,Calmed,100,8893
3,106297,712,0,5,Calmed,Calmed,100,8894
3,106300,712,0,5,Calmed,Calmed,100,8895
3,106303,712,0,5,Calmed,Calmed,100,8896
3,106306,712,0,5,Calmed,Calmed,100,8897
3,106308,712,0,5,Calmed,Calmed,100,8898
3,106313,712,0,5,Calmed,Calmed,100,8899
3,106315,712,0,5,Calmed,Calmed,100,8900
3,106318,712,0,5,Calmed,Calmed,100,8901
3,106321,712,0,5,Calmed,Calmed,100,8902
3,106324,712,0,5,Calmed,Calmed,100,8903
3,106326,712,0,5,Calmed,Calmed,100,8904
3,106329,712,0,5,Calmed,Calmed,100,8905
3,106331,712,0,5,Calmed,Calmed,100,8906
3,106334,712,0,5,Calmed,Calmed,100,8907
3,106339,712,0,5,Calmed,Calmed,100,8908
3,106342,712,0,5,Calmed,Calmed,100,8909
3,106344,712,0,5,Calmed,Calmed,100,8910
3,106347,712,0,5,Calmed,Calmed,100,8911
3,106349,712,0,5,Calmed,Calmed,100,8912
3,106352,712,0,5,Calmed,Calmed,100,8913
3,106355,712,0,5,Calmed,Calmed,100,8914
3,106358,712,0,5,Calmed,Calmed,100,8915
3,106360,712,0,5,Calmed,Calmed,100,8916
3,106362,712,0,5,Calmed,Calmed,100,8917
3,106365,712,0,5,Calmed,Calmed,100,8918
3,106370,712,0,5,Calmed,Calmed,100,8919
3,106373,712,0,5,Calmed,Calmed,100,8920
3,106375,712,0,5,Calmed,Calmed,100,8921
3,106378,712,0,5,Calmed,Calmed,100,8922
3,106380,712,0,5,Calmed,Calmed,100,8923
3,106385,712,0,5,Calmed,Calmed,100,8924
3,106388,712,0,5,Calmed,Calmed,100,8925
3,106391,712,0,5,Calmed,Calmed,100,8926
3,106393,712,0,5,Calmed,Calmed,100,8927
3,106396,712,0,5,Calmed,Calmed,100,8928
3,106398,712,0,5,Calmed,Calmed,100,8929
3,106401,712,0,5,Calmed,Calmed,100,8930
3,106404,712,0,5,Calmed,Calmed,100,8931
3,106406,712,0,5,Calmed,Calmed,100,8932
3,106409,712,0,5,Calmed,Calmed,100,8933
3,106411,712,0,5,Calmed,Calmed,100,8934
3,106414,712,0,5,Calmed,Calmed,100,8935
3,106418,712,0,5,Calmed,Calmed,100,8936
3,106421,712,0,5,Calmed,Calmed,100,8937
3,106424,712,0,5,Calmed,Calmed,100,8938
3,106427,712,0,5,Calmed,Calmed,100,8939
3,106429,712,0,5,Calmed,Calmed,100,8940
3,106432,712,0,5,Calmed,Calmed,100,8941
3,106434,712,0,5,Calmed,Calmed,100,8942
3,106437,712,0,5,Calmed,Calmed,100,8943
3,106441,712,0,5,Calmed,Calmed,100,8944
3,106443,712,0,5,Calmed,Calmed,100,8945
3,106445,712,0,5,Calmed,Calmed,100,8946
3,106448,712,0,5,Calmed,Calmed,100,8947
3,106450,712,0,5,Calmed,Calmed,100,8948
3,106453,712,0,5,Calmed,Calmed,100,8949
3,106456,712,0,5,Calmed,Calmed,100,8950
3,106459,712,0,5,Calmed,Calmed,100,8951
3,106461,712,0,5,Calmed,Calmed,100,8952
3,106466,712,0,5,Calmed,Calmed,100,8953
3,106468,712,0,5,Calmed,Calmed,100,8954
3,106471,712,0,5,Calmed,Calmed,100,8955
3,106474,712,0,5,Calmed,Calmed,100,8956
3,106477,712,0,5,Calmed,Calmed,100,8957
3,106479,712,0,5,Calmed,Calmed,100,8958
3,106482,712,0,5,Calmed,Calmed,100,8959
3,106484,712,0,5,Calmed,Calmed,100,8960
3,106487,712,0,5,Calmed,Calmed,100,8961
3,106490,712,0,5,Calmed,Calmed,100,8962
3,106492,712,0,5,Calmed,Calmed,100,8963
3,106495,712,0,5,Calmed,Calmed,100,8964
3,106497,712,0,5,Calmed,Calmed,100,8965
3,106500,712,0,5,Calmed,Calmed,100,8966
3,106503,712,0,5,Calmed,Calmed,100,8967
3,106506,712,0,5,Calmed,Calmed,100,8968
3,106508,712,0,5,Calmed,Calmed,100,8969
3,106511,712,0,5,Calmed,Calmed,100,8970
3,106513,712,0,5,Calmed,Calmed,100,8971
3,106516,712,0,5,Calmed,Calmed,100,8972
3,106518,712,0,5,Calmed,Calmed,100,8973
3,106524,712,0,5,Calmed,Calmed,100,8974
3,106526,712,0,5,Calmed,Calmed,100,8975
3,106529,712,0,5,Calmed,Calmed,100,8976
3,106531,712,0,5,Calmed,Calmed,100,8977
3,106534,712,0,5,Calmed,Calmed,100,8978
3,106537,712,0,5,Calmed,Calmed,100,8979
3,106540,712,0,5,Calmed,Calmed,100,8980
3,106542,712,0,5,Calmed,Calmed,100,8981
3,106544,712,0,5,Calmed,Calmed,100,8982
3,106547,712,0,5,Calmed,Calmed,100,8983
3,106549,712,0,5,Calmed,Calmed,100,8984
3,106552,712,0,5,Calmed,Calmed,100,8985
3,106555,712,0,5,Calmed,Calmed,100,8986
3,106558,712,0,5,Calmed,Calmed,100,8987
3,106560,712,0,5,Calmed,Calmed,100,8988
3,106563,712,0,5,Calmed,Calmed,100,8989
3,106565,712,0,5,Calmed,Calmed,100,8990
3,106570,712,0,5,Calmed,Calmed,100,8991
3,106573,712,0,5,Calmed,Calmed,100,8992
3,106576,712,0,5,Calmed,Calmed,100,8993
3,106578,712,0,5,Calmed,Calmed,100,8994
3,106580,712,0,5,Calmed,Calmed,100,8995
3,106583,712,0,5,Calmed,Calmed,100,8996
3,106586,712,0,5,Calmed,Calmed,100,8997
3,106589,712,0,5,Calmed,Calmed,100,8998
3,106591,712,0,5,Calmed,Calmed,100,8999
3,106594,712,0,5,Calmed,Calmed,100,9000
3,106596,712,0,5,Calmed,Calmed,100,9001
3,106599,712,0,5,Calmed,Calmed,100,9002
3,106601,712,0,5,Calmed,Calmed,100,9003
3,106605,712,0,5,Calmed,Calmed,100,9004
3,106607,712,0,5,Calmed,Calmed,100,9005
3,106610,712,0,5,Calmed,Calmed,100,9006
3,106612,712,0,5,Calmed,Calmed,100,9007
3,106615,712,0,5,Calmed,Calmed,100,9008
3,106617,712,0,5,Calmed,Calmed,100,9009
3,106620,712,0,5,Calmed,Calmed,100,9010
3,106625,712,0,5,Calmed,Calmed,100,9011
3,106628,712,0,5,Calmed,Calmed,100,9012
3,106630,712,0,5,Calmed,Calmed,100,9013
3,106633,712,0,5,Calmed,Calmed,100,9014
3,106635,712,0,5,Calmed,Calmed,100,9015
3,106639,712,0,5,Calmed,Calmed,100,9016
3,106643,712,0,5,Calmed,Calmed,100,9017
3,106646,712,0,5,Calmed,Calmed,100,9018
3,106648,712,0,5,Calmed,Calmed,100,9019
3,106651,712,0,5,Calmed,Calmed,100,9020
3,106654,712,0,5,Calmed,Calmed,100,9021
3,106657,712,0,5,Calmed,Calmed,100,9022
3,106659,712,0,5,Calmed,Calmed,100,9023
3,106662,712,0,5,Calmed,Calmed,100,9024
3,106664,712,0,5,Calmed,Calmed,100,9025
3,106666,712,0,5,Calmed,Calmed,100,9026
3,106672,712,0,5,Calmed,Calmed,100,9027
3,106674,712,0,5,Calmed,Calmed,100,9028
3,106677,712,0,5,Calmed,Calmed,100,9029
3,106679,712,0,5,Calmed,Calmed,100,9030
3,106682,712,0,5,Calmed,Calmed,100,9031
3,106684,712,0,5,Calmed,Calmed,100,9032
3,106687,712,0,5,Calmed,Calmed,100,9033
3,106690,712,0,5,Calmed,Calmed,100,9034
3,106693,712,0,5,Calmed,Calmed,100,9035
3,106695,712,0,5,Calmed,Calmed,100,9036
3,106698,712,0,5,Calmed,Calmed,100,9037
3,106700,712,0,5,Calmed,Calmed,100,9038
3,106704,712,0,5,Calmed,Calmed,100,9039
3,106706,712,0,5,Calmed,Calmed,100,9040
3,106709,712,0,5,Calmed,Calmed,100,9041
3,106711,712,0,5,Calmed,Calmed,100,9042
3,106713,712,0,5,Calmed,Calmed,100,9043
3,106716,712,0,5,Calmed,Calmed,100,9044
3,106719,712,0,5,Calmed,Calmed,100,9045
3,106725,712,0,5,Calmed,Calmed,100,9046
3,106728,712,0,5,Calmed,Calmed,100,9047
3,106730,712,0,5,Calmed,Calmed,100,9048
3,106733,712,0,5,Calmed,Calmed,100,9049
3,106735,712,0,5,Calmed,Calmed,100,9050
3,106737,712,0,5,Calmed,Calmed,100,9051
3,106740,712,0,5,Calmed,Calmed,100,9052
3,106742,712,0,5,Calmed,Calmed,100,9053
3,106745,712,0,5,Calmed,Calmed,100,9054
3,106747,712,0,5,Calmed,Calmed,100,9055
3,106750,712,0,5,Calmed,Calmed,100,9056
3,106753,712,0,5,Calmed,Calmed,100,9057
3,106756,712,0,5,Calmed,Calmed,100,9058
3,106758,712,0,5,Calmed,Calmed,100,9059
3,106761,712,0,5,Calmed,Calmed,100,9060
3,106763,712,0,5,Calmed,Calmed,100,9061
3,106766,712,0,5,Calmed,Calmed,100,9062
3,106769,712,0,5,Calmed,Calmed,100,9063
3,106772,712,0,5,Calmed,Calmed,100,9064
3,106776,712,0,5,Calmed,Calmed,100,9065
3,106779,712,0,5,Calmed,Calmed,100,9066
3,106781,712,0,5,Calmed,Calmed,100,9067
3,106784,712,0,5,Calmed,Calmed,100,9068
3,106787,712,0,5,Calmed,Calmed,100,9069
3,106790,712,0,5,Calmed,Calmed,100,9070
3,106794,712,0,5,Calmed,Calmed,100,9071
3,106797,712,0,5,Calmed,Calmed,100,9072
3,106799,712,0,5,Calmed,Calmed,100,9073
3,106802,712,0,5,Calmed,Calmed,100,9074
3,106805,712,0,5,Calmed,Calmed,100,9075
3,106808,712,0,5,Calmed,Calmed,100,9076
3,106810,712,0,5,Calmed,Calmed,100,9077
3,106813,712,0,5,Calmed,Calmed,100,9078
3,106815,712,0,5,Calmed,Calmed,100,9079
3,106818,712,0,5,Calmed,Calmed,100,9080
3,106821,712,0,5,Calmed,Calmed,100,9081
3,106824,712,0,5,Calmed,Calmed,100,9082
3,106826,712,0,5,Calmed,Calmed,100,9083
3,106828,712,0,5,Calmed,Calmed,100,9084
3,106833,712,0,5,Calmed,Calmed,100,9085
3,106836,712,0,5,Calmed,Calmed,100,9086
3,106839,712,0,5,Calmed,Calmed,100,9087
3,106844,712,0,5,Calmed,Calmed,100,9088
3,106846,712,0,5,Calmed,Calmed,100,9089
3,106848,712,0,5,Calmed,Calmed,100,9090
3,106851,712,0,5,Calmed,Calmed,100,9091
3,106854,712,0,5,Calmed,Calmed,100,9092
3,106857,712,0,5,Calmed,Calmed,100,9093
3,106859,712,0,5,Calmed,Calmed,100,9094
3,106862,712,0,5,Calmed,Calmed,100,9095
3,106864,712,0,5,Calmed,Calmed,100,9096
3,106867,712,0,5,Calmed,Calmed,100,9097
3,106870,712,0,5,Calmed,Calmed,100,9098
3,106875,712,0,5,Calmed,Calmed,100,9099
3,106877,712,0,5,Calmed,Calmed,100,9100
3,106880,712,0,5,Calmed,Calmed,100,9101
3,106882,712,0,5,Calmed,Calmed,100,9102
3,106885,712,0,5,Calmed,Calmed,100,9103
3,106888,712,0,5,Calmed,Calmed,100,9104
3,106891,712,0,5,Calmed,Calmed,100,9105
3,106893,712,0,5,Calmed,Calmed,100,9106
3,106898,712,0,5,Calmed,Calmed,100,9107
3,106900,712,0,5,Calmed,Calmed,100,9108
3,106903,712,0,5,Calmed,Calmed,100,9109
3,106906,712,0,5,Calmed,Calmed,100,9110
3,106909,712,0,5,Calmed,Calmed,100,9111
3,106911,712,0,5,Calmed,Calmed,100,9112
3,106914,712,0,5,Calmed,Calmed,100,9113
3,106916,712,0,5,Calmed,Calmed,100,9114
3,106919,712,0,5,Calmed,Calmed,100,9115
3,106922,712,0,5,Calmed,Calmed,100,9116
3,106925,712,0,5,Calmed,Calmed,100,9117
3,106929,712,0,5,Calmed,Calmed,100,9118
3,106932,712,0,5,Calmed,Calmed,100,9119
3,106934,712,0,5,Calmed,Calmed,100,9120
3,106937,712,0,5,Calmed,Calmed,100,9121
3,106940,712,0,5,Calmed,Calmed,100,9122
3,106942,712,0,5,Calmed,Calmed,100,9123
3,106945,712,0,5,Calmed,Calmed,100,9124
3,106947,712,0,5,Calmed,Calmed,100,9125
3,106950,712,0,5,Calmed,Calmed,100,9126
3,106953,712,0,5,Calmed,Calmed,100,9127
3,106956,712,0,5,Calmed,Calmed,100,9128
3,106958,712,0,5,Calmed,Calmed,100,9129
3,106961,712,0,5,Calmed,Calmed,100,9130
3,106963,712,0,5,Calmed,Calmed,100,9131
3,106966,712,0,5,Calmed,Calmed,100,9132
3,106969,712,0,5,Calmed,Calmed,100,9133
3,106972,712,0,5,Calmed,Calmed,100,9134
3,106975,712,0,5,Calmed,Calmed,100,9135
3,106978,712,0,5,Calmed,Calmed,100,9136
3,106980,712,0,5,Calmed,Calmed,100,9137
3,106983,712,0,5,Calmed,Calmed,100,9138
3,106987,712,0,5,Calmed,Calmed,100,9139
3,106991,712,0,5,Calmed,Calmed,100,9140
3,106993,712,0,5,Calmed,Calmed,100,9141
3,106996,712,0,5,Calmed,Calmed,100,9142
3,106999,712,0,5,Calmed,Calmed,100,9143
3,107003,712,0,5,Calmed,Calmed,100,9144
3,107006,712,0,5,Calmed,Calmed,100,9145
3,107008,712,0,5,Calmed,Calmed,100,9146
3,107010,712,0,5,Calmed,Calmed,100,9147
3,107013,712,0,5,Calmed,Calmed,100,9148
3,107015,712,0,5,Calmed,Calmed,100,9149
3,107018,712,0,5,Calmed,Calmed,100,9150
3,107021,712,0,5,Calmed,Calmed,100,9151
3,107024,712,0,5,Calmed,Calmed,100,9152
3,107026,712,0,5,Calmed,Calmed,100,9153
3,107029,712,0,5,Calmed,Calmed,100,9154
3,107033,712,0,5,Calmed,Calmed,100,9155
3,107036,712,0,5,Calmed,Calmed,100,9156
3,107039,712,0,5,Calmed,Calmed,100,9157
3,107042,712,0,5,Calmed,Calmed,100,9158
3,107046,712,0,5,Calmed,Calmed,100,9159
3,107049,712,0,5,Calmed,Calmed,100,9160
3,107051,712,0,5,Calmed,Calmed,100,9161
3,107054,712,0,5,Calmed,Calmed,100,9162
3,107057,712,0,5,Calmed,Calmed,100,9163
3,107059,712,0,5,Calmed,Calmed,100,9164
3,107062,712,0,5,Calmed,Calmed,100,9165
3,107064,712,0,5,Calmed,Calmed,100,9166
3,107067,712,0,5,Calmed,Calmed,100,9167
3,107070,712,0,5,Calmed,Calmed,100,9168
3,107073,712,0,5,Calmed,Calmed,100,9169
3,107075,712,0,5,Calmed,Calmed,100,9170
3,107078,712,0,5,Calmed,Calmed,100,9171
3,107080,712,0,5,Calmed,Calmed,100,9172
3,107083,712,0,5,Calmed,Calmed,100,9173
3,107085,712,0,5,Calmed,Calmed,100,9174
3,107091,712,0,5,Calmed,Calmed,100,9175
3,107093,712,0,5,Calmed,Calmed,100,9176
3,107096,712,0,5,Calmed,Calmed,100,9177
3,107098,712,0,5,Calmed,Calmed,100,9178
3,107101,712,0,5,Calmed,Calmed,100,9179
3,107104,712,0,5,Calmed,Calmed,100,9180
3,107107,712,0,5,Calmed,Calmed,100,9181
3,107109,712,0,5,Calmed,Calmed,100,9182
3,107114,712,0,5,Calmed,Calmed,100,9183
3,107116,712,0,5,Calmed,Calmed,100,9184
3,107119,712,0,5,Calmed,Calmed,100,9185
3,107122,712,0,5,Calmed,Calmed,100,9186
3,107125,712,0,5,Calmed,Calmed,100,9187
3,107127,712,0,5,Calmed,Calmed,100,9188
3,107130,712,0,5,Calmed,Calmed,100,9189
3,107132,712,0,5,Calmed,Calmed,100,9190
3,107135,712,0,5,Calmed,Calmed,100,9191
3,107140,712,0,5,Calmed,Calmed,100,9192
3,107143,712,0,5,Calmed,Calmed,100,9193
3,107145,712,0,5,Calmed,Calmed,100,9194
3,107148,712,0,5,Calmed,Calmed,100,9195
3,107150,712,0,5,Calmed,Calmed,100,9196
3,107153,712,0,5,Calmed,Calmed,100,9197
3,107156,712,0,5,Calmed,Calmed,100,9198
3,107158,712,0,5,Calmed,Calmed,100,9199
3,107163,712,0,5,Calmed,Calmed,100,9200
3,107165,712,0,5,Calmed,Calmed,100,9201
3,107168,712,0,5,Calmed,Calmed,100,9202
3,107171,712,0,5,Calmed,Calmed,100,9203
3,107174,712,0,5,Calmed,Calmed,100,9204
3,107176,712,0,5,Calmed,Calmed,100,9205
3,107179,712,0,5,Calmed,Calmed,100,9206
3,107181,712,0,5,Calmed,Calmed,100,9207
3,107186,712,0,5,Calmed,Calmed,100,9208
3,107189,712,0,5,Calmed,Calmed,100,9209
3,107192,712,0,5,Calmed,Calmed,100,9210
3,107194,712,0,5,Calmed,Calmed,100,9211
3,107197,712,0,5,Calmed,Calmed,100,9212
3,107199,712,0,5,Calmed,Calmed,100,9213
3,107202,712,0,5,Calmed,Calmed,100,9214
3,107205,712,0,5,Calmed,Calmed,100,9215
3,107208,712,0,5,Calmed,Calmed,100,9216
3,107210,712,0,5,Calmed,Calmed,100,9217
3,107213,712,0,5,Calmed,Calmed,100,9218
3,107215,712,0,5,Calmed,Calmed,100,9219
3,107218,712,0,5,Calmed,Calmed,100,9220
3,107221,712,0,5,Calmed,Calmed,100,9221
3,107223,712,0,5,Calmed,Calmed,100,9222
3,107226,712,0,5,Calmed,Calmed,100,9223
3,107228,712,0,5,Calmed,Calmed,100,9224
3,107231,712,0,5,Calmed,Calmed,100,9225
3,107233,712,0,5,Calmed,Calmed,100,9226
3,107237,712,0,5,Calmed,Calmed,100,9227
3,107242,712,0,5,Calmed,Calmed,100,9228
3,107244,712,0,5,Calmed,Calmed,100,9229
3,107246,712,0,5,Calmed,Calmed,100,9230
3,107249,712,0,5,Calmed,Calmed,100,9231
3,107251,712,0,5,Calmed,Calmed,100,9232
3,107255,712,0,5,Calmed,Calmed,100,9233
3,107257,712,0,5,Calmed,Calmed,100,9234
3,107262,712,0,5,Calmed,Calmed,100,9235
3,107264,712,0,5,Calmed,Calmed,100,9236
3,107267,712,0,5,Calmed,Calmed,100,9237
3,107270,712,0,5,Calmed,Calmed,100,9238
3,107273,712,0,5,Calmed,Calmed,100,9239
3,107275,712,0,5,Calmed,Calmed,100,9240
3,107278,712,0,5,Calmed,Calmed,100,9241
3,107280,712,0,5,Calmed,Calmed,100,9242
3,107282,712,0,5,Calmed,Calmed,100,9243
3,107285,712,0,5,Calmed,Calmed,100,9244
3,107291,712,0,5,Calmed,Calmed,100,9245
3,107293,712,0,5,Calmed,Calmed,100,9246
3,107295,712,0,5,Calmed,Calmed,100,9247
3,107298,712,0,5,Calmed,Calmed,100,9248
3,107300,712,0,5,Calmed,Calmed,100,9249
3,107304,712,0,5,Calmed,Calmed,100,9250
3,107306,712,0,5,Calmed,Calmed,100,9251
3,107309,712,0,5,Calmed,Calmed,100,9252
3,107313,712,0,5,Calmed,Calmed,100,9253
3,107316,712,0,5,Calmed,Calmed,100,9254
3,107318,712,0,5,Calmed,Calmed,100,9255
3,107322,712,0,5,Calmed,Calmed,100,9256
3,107325,712,0,5,Calmed,Calmed,100,9257
3,107327,712,0,5,Calmed,Calmed,100,9258
3,107329,712,0,5,Calmed,Calmed,100,9259
3,107332,712,0,5,Calmed,Calmed,100,9260
3,107334,712,0,5,Calmed,Calmed,100,9261
3,107340,712,0,5,Calmed,Calmed,100,9262
3,107342,712,0,5,Calmed,Calmed,100,9263
3,107344,712,0,5,Calmed,Calmed,100,9264
3,107347,712,0,5,Calmed,Calmed,100,9265
3,107349,712,0,5,Calmed,Calmed,100,9266
3,107352,712,0,5,Calmed,Calmed,100,9267
3,107355,712,0,5,Calmed,Calmed,100,9268
3,107358,712,0,5,Calmed,Calmed,100,9269
3,107362,712,0,5,Calmed,Calmed,100,9270
3,107365,712,0,5,Calmed,Calmed,100,9271
3,107367,712,0,5,Calmed,Calmed,100,9272
3,107370,712,0,5,Calmed,Calmed,100,9273
3,107373,712,0,5,Calmed,Calmed,100,9274
3,107376,712,0,5,Calmed,Calmed,100,9275
3,107378,712,0,5,Calmed,Calmed,100,9276
3,107381,712,0,5,Calmed,Calmed,100,9277
3,107383,712,0,5,Calmed,Calmed,100,9278
3,107386,712,0,5,Calmed,Calmed,100,9279
3,107391,712,0,5,Calmed,Calmed,100,9280
3,107393,712,0,5,Calmed,Calmed,100,9281
3,107396,712,0,5,Calmed,Calmed,100,9282
3,107398,712,0,5,Calmed,Calmed,100,9283
3,107401,712,0,5,Calmed,Calmed,100,9284
3,107404,712,0,5,Calmed,Calmed,100,9285
3,107407,712,0,5,Calmed,Calmed,100,9286
3,107409,712,0,5,Calmed,Calmed,100,9287
3,107412,712,0,5,Calmed,Calmed,100,9288
3,107414,712,0,5,Calmed,Calmed,100,9289
3,107419,712,0,5,Calmed,Calmed,100,9290
3,107422,712,0,5,Calmed,Calmed,100,9291
3,107425,712,0,5,Calmed,Calmed,100,9292
3,107427,712,0,5,Calmed,Calmed,100,9293
3,107430,712,0,5,Calmed,Calmed,100,9294
3,107432,712,0,5,Calmed,Calmed,100,9295
3,107435,712,0,5,Calmed,Calmed,100,9296
3,107438,712,0,5,Calmed,Calmed,100,9297
3,107443,712,0,5,Calmed,Calmed,100,9298
3,107445,712,0,5,Calmed,Calmed,100,9299
3,107448,712,0,5,Calmed,Calmed,100,9300
3,107450,712,0,5,Calmed,Calmed,100,9301
3,107453,712,0,5,Calmed,Calmed,100,9302
3,107456,712,0,5,Calmed,Calmed,100,9303
3,107460,712,0,5,Calmed,Calmed,100,9304
3,107463,712,0,5,Calmed,Calmed,100,9305
3,107465,712,0,5,Calmed,Calmed,100,9306
3,107468,712,0,5,Calmed,Calmed,100,9307
3,107471,712,0,5,Calmed,Calmed,100,9308
3,107474,712,0,5,Calmed,Calmed,100,9309
3,107476,712,0,5,Calmed,Calmed,100,9310
3,107479,712,0,5,Calmed,Calmed,100,9311
3,107481,712,0,5,Calmed,Calmed,100,9312
3,107484,712,0,5,Calmed,Calmed,100,9313
3,107487,712,0,5,Calmed,Calmed,100,9314
3,107490,712,0,5,Calmed,Calmed,100,9315
3,107492,712,0,5,Calmed,Calmed,100,9316
3,107497,712,0,5,Calmed,Calmed,100,9317
3,107499,712,0,5,Calmed,Calmed,100,9318
3,107502,712,0,5,Calmed,Calmed,100,9319
3,107505,712,0,5,Calmed,Calmed,100,9320
3,107510,712,0,5,Calmed,Calmed,100,9321
3,107512,712,0,5,Calmed,Calmed,100,9322
3,107514,712,0,5,Calmed,Calmed,100,9323
3,107517,712,0,5,Calmed,Calmed,100,9324
3,107520,712,0,5,Calmed,Calmed,100,9325
3,107523,712,0,5,Calmed,Calmed,100,9326
3,107525,712,0,5,Calmed,Calmed,100,9327
3,107528,712,0,5,Calmed,Calmed,100,9328
3,107530,712,0,5,Calmed,Calmed,100,9329
3,107533,712,0,5,Calmed,Calmed,100,9330
3,107535,712,0,5,Calmed,Calmed,100,9331
3,107539,712,0,5,Calmed,Calmed,100,9332
3,107541,712,0,5,Calmed,Calmed,100,9333
3,107546,712,0,5,Calmed,Calmed,100,9334
3,107548,712,0,5,Calmed,Calmed,100,9335
3,107551,712,0,5,Calmed,Calmed,100,9336
3,107554,712,0,5,Calmed,Calmed,100,9337
3,107557,712,0,5,Calmed,Calmed,100,9338
3,107559,712,0,5,Calmed,Calmed,100,9339
3,107562,712,0,5,Calmed,Calmed,100,9340
3,107564,712,0,5,Calmed,Calmed,100,9341
3,107567,712,0,5,Calmed,Calmed,100,9342
3,107570,712,0,5,Calmed,Calmed,100,9343
3,107573,712,0,5,Calmed,Calmed,100,9344
3,107575,712,0,5,Calmed,Calmed,100,9345
3,107578,712,0,5,Calmed,Calmed,100,9346
3,107580,712,0,5,Calmed,Calmed,100,9347
3,107583,712,0,5,Calmed,Calmed,100,9348
3,107585,712,0,5,Calmed,Calmed,100,9349
3,107589,712,0,5,Calmed,Calmed,100,9350
3,107591,711,-1,5,Calmed,Calmed,100,9351
3,107594,711,-1,5,Calmed,Calmed,100,9352
3,107596,711,-1,5,Calmed,Calmed,100,9353
3,107598,711,-1,5,Calmed,Calmed,100,9354
3,107603,711,-1,5,Calmed,Calmed,100,9355
3,107606,711,-1,5,Calmed,Calmed,100,9356
3,107609,711,-1,5,Calmed,Calmed,100,9357
3,107611,711,-1,5,Calmed,Calmed,100,9358
3,107614,711,-1,5,Calmed,Calmed,100,9359
3,107618,711,-1,5,Calmed,Calmed,100,9360
3,107622,711,-1,5,Calmed,Calmed,100,9361
3,107624,711,-1,5,Calmed,Calmed,100,9362
3,107627,711,-1,5,Calmed,Calmed,100,9363
3,107629,711,-1,5,Calmed,Calmed,100,9364
3,107632,711,-1,5,Calmed,Calmed,100,9365
3,107634,711,-1,5,Calmed,Calmed,100,9366
3,107637,711,-1,5,Calmed,Calmed,100,9367
3,107640,711,-1,5,Calmed,Calmed,100,9368
3,107643,711,-1,5,Calmed,Calmed,100,9369
3,107645,711,-1,5,Calmed,Calmed,100,9370
3,107650,711,-1,5,Calmed,Calmed,100,9371
3,107652,711,-1,5,Calmed,Calmed,100,9372
3,107656,711,-1,5,Calmed,Calmed,100,9373
3,107658,711,-1,5,Calmed,Calmed,100,9374
3,107661,711,-1,5,Calmed,Calmed,100,9375
3,107663,711,-1,5,Calmed,Calmed,100,9376
3,107667,711,-1,5,Calmed,Calmed,100,9377
3,107670,711,-1,5,Calmed,Calmed,100,9378
3,107674,711,-1,5,Calmed,Calmed,100,9379
3,107676,711,-1,5,Calmed,Calmed,100,9380
3,107678,711,-1,5,Calmed,Calmed,100,9381
3,107681,711,-1,5,Calmed,Calmed,100,9382
3,107683,711,-1,5,Calmed,Calmed,100,9383
3,107687,711,-1,5,Calmed,Calmed,100,9384
3,107690,711,-1,5,Calmed,Calmed,100,9385
3,107692,711,-1,5,Calmed,Calmed,100,9386
3,107694,712,0,5,Calmed,Calmed,100,9387
3,107697,712,0,5,Calmed,Calmed,100,9388
3,107699,712,0,5,Calmed,Calmed,100,9389
3,107702,712,0,5,Calmed,Calmed,100,9390
3,107708,712,0,5,Calmed,Calmed,100,9391
3,107710,712,0,5,Calmed,Calmed,100,9392
3,107712,712,0,5,Calmed,Calmed,100,9393
3,107715,712,0,5,Calmed,Calmed,100,9394
3,107717,712,0,5,Calmed,Calmed,100,9395
3,107720,712,0,5,Calmed,Calmed,100,9396
3,107723,712,0,5,Calmed,Calmed,100,9397
3,107726,712,0,5,Calmed,Calmed,100,9398
3,107730,712,0,5,Calmed,Calmed,100,9399
3,107733,712,0,5,Calmed,Calmed,100,9400
3,107735,712,0,5,Calmed,Calmed,100,9401
3,107739,712,0,5,Calmed,Calmed,100,9402
3,107741,712,0,5,Calmed,Calmed,100,9403
3,107744,712,0,5,Calmed,Calmed,100,9404
3,107746,712,0,5,Calmed,Calmed,100,9405
3,107749,712,0,5,Calmed,Calmed,100,9406
3,107753,712,0,5,Calmed,Calmed,100,9407
3,107757,712,0,5,Calmed,Calmed,100,9408
3,107759,712,0,5,Calmed,Calmed,100,9409
3,107761,712,0,5,Calmed,Calmed,100,9410
3,107764,712,0,5,Calmed,Calmed,100,9411
3,107767,712,0,5,Calmed,Calmed,100,9412
3,107772,712,0,5,Calmed,Calmed,100,9413
3,107775,712,0,5,Calmed,Calmed,100,9414
3,107777,712,0,5,Calmed,Calmed,100,9415
3,107780,712,0,5,Calmed,Calmed,100,9416
3,107783,712,0,5,Calmed,Calmed,100,9417
3,107785,712,0,5,Calmed,Calmed,100,9418
3,107788,712,0,5,Calmed,Calmed,100,9419
3,107791,712,0,5,Calmed,Calmed,100,9420
3,107793,712,0,5,Calmed,Calmed,100,9421
3,107796,711,-1,5,Calmed,Calmed,100,9422
3,107798,711,-1,5,Calmed,Calmed,100,9423
3,107803,711,-1,5,Calmed,Calmed,100,9424
3,107806,711,-1,5,Calmed,Calmed,100,9425
3,107809,711,-1,5,Calmed,Calmed,100,9426
3,107811,711,-1,5,Calmed,Calmed,100,9427
3,107813,711,-1,5,Calmed,Calmed,100,9428
3,107816,711,-1,5,Calmed,Calmed,100,9429
3,107818,711,-1,5,Calmed,Calmed,100,9430
3,107822,711,-1,5,Calmed,Calmed,100,9431
3,107824,711,-1,5,Calmed,Calmed,100,9432
3,107827,711,-1,5,Calmed,Calmed,100,9433
3,107829,711,-1,5,Calmed,Calmed,100,9434
3,107832,711,-1,5,Calmed,Calmed,100,9435
3,107834,711,-1,5,Calmed,Calmed,100,9436
3,107838,711,-1,5,Calmed,Calmed,100,9437
3,107841,711,-1,5,Calmed,Calmed,100,9438
3,107843,711,-1,5,Calmed,Calmed,100,9439
3,107845,711,-1,5,Calmed,Calmed,100,9440
3,107848,711,-1,5,Calmed,Calmed,100,9441
3,107850,711,-1,5,Calmed,Calmed,100,9442
3,107856,711,-1,5,Calmed,Calmed,100,9443
3,107858,711,-1,5,Calmed,Calmed,100,9444
3,107860,711,-1,5,Calmed,Calmed,100,9445
3,107863,711,-1,5,Calmed,Calmed,100,9446
3,107865,711,-1,5,Calmed,Calmed,100,9447
3,107868,711,-1,5,Calmed,Calmed,100,9448
3,107872,711,-1,5,Calmed,Calmed,100,9449
3,107874,711,-1,5,Calmed,Calmed,100,9450
3,107876,711,-1,5,Calmed,Calmed,100,9451
3,107879,711,-1,5,Calmed,Calmed,100,9452
3,107881,711,-1,5,Calmed,Calmed,100,9453
3,107884,711,-1,5,Calmed,Calmed,100,9454
3,107887,711,-1,5,Calmed,Calmed,100,9455
3,107890,711,-1,5,Calmed,Calmed,100,9456
3,107892,711,-1,5,Calmed,Calmed,100,9457
3,107895,711,-1,5,Calmed,Calmed,100,9458
3,107898,711,-1,5,Calmed,Calmed,100,9459
3,107900,711,-1,5,Calmed,Calmed,100,9460
3,107903,711,-1,5,Calmed,Calmed,100,9461
3,107908,711,-1,5,Calmed,Calmed,100,9462
3,107910,711,-1,5,Calmed,Calmed,100,9463
3,107913,711,-1,5,Calmed,Calmed,100,9464
3,107915,711,-1,5,Calmed,Calmed,100,9465
3,107918,711,-1,5,Calmed,Calmed,100,9466
3,107921,711,-1,5,Calmed,Calmed,100,9467
3,107924,711,-1,5,Calmed,Calmed,100,9468
3,107926,711,-1,5,Calmed,Calmed,100,9469
3,107931,711,-1,5,Calmed,Calmed,100,9470
3,107933,711,-1,5,Calmed,Calmed,100,9471
3,107936,711,-1,5,Calmed,Calmed,100,9472
3,107939,711,-1,5,Calmed,Calmed,100,9473
3,107942,711,-1,5,Calmed,Calmed,100,9474
3,107944,711,-1,5,Calmed,Calmed,100,9475
3,107947,711,-1,5,Calmed,Calmed,100,9476
3,107949,711,-1,5,Calmed,Calmed,100,9477
3,107952,711,-1,5,Calmed,Calmed,100,9478
3,107958,711,-1,5,Calmed,Calmed,100,9479
3,107960,711,-1,5,Calmed,Calmed,100,9480
3,107962,711,-1,5,Calmed,Calmed,100,9481
3,107965,711,-1,5,Calmed,Calmed,100,9482
3,107967,711,-1,5,Calmed,Calmed,100,9483
3,107970,711,-1,5,Calmed,Calmed,100,9484
3,107973,711,-1,5,Calmed,Calmed,100,9485
3,107978,711,-1,5,Calmed,Calmed,100,9486
3,107980,711,-1,5,Calmed,Calmed,100,9487
3,107982,711,-1,5,Calmed,Calmed,100,9488
3,107985,711,-1,5,Calmed,Calmed,100,9489
3,107988,711,-1,5,Calmed,Calmed,100,9490
3,107991,711,-1,5,Calmed,Calmed,100,9491
3,107993,711,-1,5,Calmed,Calmed,100,9492
3,107996,711,-1,5,Calmed,Calmed,100,9493
3,107998,711,-1,5,Calmed,Calmed,100,9494
3,108001,711,-1,5,Calmed,Calmed,100,9495
3,108004,711,-1,5,Calmed,Calmed,100,9496
3,108009,711,-1,5,Calmed,Calmed,100,9497
3,108011,711,-1,5,Calmed,Calmed,100,9498
3,108014,711,-1,5,Calmed,Calmed,100,9499
3,108016,711,-1,5,Calmed,Calmed,100,9500
3,108019,711,-1,5,Calmed,Calmed,100,9501
3,108022,711,-1,5,Calmed,Calmed,100,9502
3,108025,711,-1,5,Calmed,Calmed,100,9503
3,108027,711,-1,5,Calmed,Calmed,100,9504
3,108030,711,-1,5,Calmed,Calmed,100,9505
3,108034,711,-1,5,Calmed,Calmed,100,9506
3,108037,711,-1,5,Calmed,Calmed,100,9507
3,108040,711,-1,5,Calmed,Calmed,100,9508
3,108043,711,-1,5,Calmed,Calmed,100,9509
3,108045,711,-1,5,Calmed,Calmed,100,9510
3,108048,711,-1,5,Calmed,Calmed,100,9511
3,108050,711,-1,5,Calmed,Calmed,100,9512
3,108054,711,-1,5,Calmed,Calmed,100,9513
3,108056,711,-1,5,Calmed,Calmed,100,9514
3,108060,711,-1,5,Calmed,Calmed,100,9515
3,108063,711,-1,5,Calmed,Calmed,100,9516
3,108065,711,-1,5,Calmed,Calmed,100,9517
3,108068,711,-1,5,Calmed,Calmed,100,9518
3,108071,711,-1,5,Calmed,Calmed,100,9519
3,108074,711,-1,5,Calmed,Calmed,100,9520
3,108076,711,-1,5,Calmed,Calmed,100,9521
3,108079,711,-1,5,Calmed,Calmed,100,9522
3,108081,711,-1,5,Calmed,Calmed,100,9523
3,108084,711,-1,5,Calmed,Calmed,100,9524
3,108087,711,-1,5,Calmed,Calmed,100,9525
3,108090,711,-1,5,Calmed,Calmed,100,9526
3,108092,711,-1,5,Calmed,Calmed,100,9527
3,108095,711,-1,5,Calmed,Calmed,100,9528
3,108097,711,-1,5,Calmed,Calmed,100,9529
3,108100,711,-1,5,Calmed,Calmed,100,9530
3,108103,711,-1,5,Calmed,Calmed,100,9531
3,108108,711,-1,5,Calmed,Calmed,100,9532
3,108110,711,-1,5,Calmed,Calmed,100,9533
3,108113,711,-1,5,Calmed,Calmed,100,9534
3,108115,711,-1,5,Calmed,Calmed,100,9535
3,108118,711,-1,5,Calmed,Calmed,100,9536
3,108121,711,-1,5,Calmed,Calmed,100,9537
3,108124,711,-1,5,Calmed,Calmed,100,9538
3,108126,711,-1,5,Calmed,Calmed,100,9539
3,108131,711,-1,5,Calmed,Calmed,100,9540
3,108133,711,-1,5,Calmed,Calmed,100,9541
3,108136,711,-1,5,Calmed,Calmed,100,9542
3,108139,711,-1,5,Calmed,Calmed,100,9543
3,108141,711,-1,5,Calmed,Calmed,100,9544
3,108144,711,-1,5,Calmed,Calmed,100,9545
3,108147,711,-1,5,Calmed,Calmed,100,9546
3,108149,711,-1,5,Calmed,Calmed,100,9547
3,108151,711,-1,5,Calmed,Calmed,100,9548
3,108155,711,-1,5,Calmed,Calmed,100,9549
3,108157,711,-1,5,Calmed,Calmed,100,9550
3,108162,711,-1,5,Calmed,Calmed,100,9551
3,108164,711,-1,5,Calmed,Calmed,100,9552
3,108167,711,-1,5,Calmed,Calmed,100,9553
3,108170,711,-1,5,Calmed,Calmed,100,9554
3,108173,711,-1,5,Calmed,Calmed,100,9555
3,108175,711,-1,5,Calmed,Calmed,100,9556
3,108178,711,-1,5,Calmed,Calmed,100,9557
3,108180,711,-1,5,Calmed,Calmed,100,9558
3,108182,711,-1,5,Calmed,Calmed,100,9559
3,108187,711,-1,5,Calmed,Calmed,100,9560
3,108191,711,-1,5,Calmed,Calmed,100,9561
3,108193,711,-1,5,Calmed,Calmed,100,9562
3,108196,711,-1,5,Calmed,Calmed,100,9563
3,108198,711,-1,5,Calmed,Calmed,100,9564
3,108201,711,-1,5,Calmed,Calmed,100,9565
3,108204,711,-1,5,Calmed,Calmed,100,9566
3,108207,711,-1,5,Calmed,Calmed,100,9567
3,108209,711,-1,5,Calmed,Calmed,100,9568
3,108211,711,-1,5,Calmed,Calmed,100,9569
3,108214,711,-1,5,Calmed,Calmed,100,9570
3,108218,711,-1,5,Calmed,Calmed,100,9571
3,108221,711,-1,5,Calmed,Calmed,100,9572
3,108224,711,-1,5,Calmed,Calmed,100,9573
3,108227,711,-1,5,Calmed,Calmed,100,9574
3,108229,711,-1,5,Calmed,Calmed,100,9575
3,108232,711,-1,5,Calmed,Calmed,100,9576
3,108234,711,-1,5,Calmed,Calmed,100,9577
3,108237,711,-1,5,Calmed,Calmed,100,9578
3,108240,711,-1,5,Calmed,Calmed,100,9579
3,108243,711,-1,5,Calmed,Calmed,100,9580
3,108245,711,-1,5,Calmed,Calmed,100,9581
3,108248,711,-1,5,Calmed,Calmed,100,9582
3,108250,711,-1,5,Calmed,Calmed,100,9583
3,108253,711,-1,5,Calmed,Calmed,100,9584
3,108256,711,-1,5,Calmed,Calmed,100,9585
3,108259,711,-1,5,Calmed,Calmed,100,9586
3,108263,711,-1,5,Calmed,Calmed,100,9587
3,108265,711,-1,5,Calmed,Calmed,100,9588
3,108268,711,-1,5,Calmed,Calmed,100,9589
3,108271,711,-1,5,Calmed,Calmed,100,9590
3,108274,711,-1,5,Calmed,Calmed,100,9591
3,108276,711,-1,5,Calmed,Calmed,100,9592
3,108279,711,-1,5,Calmed,Calmed,100,9593
3,108281,711,-1,5,Calmed,Calmed,100,9594
3,108284,711,-1,5,Calmed,Calmed,100,9595
3,108287,711,-1,5,Calmed,Calmed,100,9596
3,108290,711,-1,5,Calmed,Calmed,100,9597
3,108292,711,-1,5,Calmed,Calmed,100,9598
3,108295,711,-1,5,Calmed,Calmed,100,9599
3,108297,711,-1,5,Calmed,Calmed,100,9600
3,108300,711,-1,5,Calmed,Calmed,100,9601
3,108302,711,-1,5,Calmed,Calmed,100,9602
3,108306,711,-1,5,Calmed,Calmed,100,9603
3,108308,711,-1,5,Calmed,Calmed,100,9604
3,108310,711,-1,5,Calmed,Calmed,100,9605
3,108313,711,-1,5,Calmed,Calmed,100,9606
3,108315,711,-1,5,Calmed,Calmed,100,9607
3,108318,711,-1,5,Calmed,Calmed,100,9608
3,108324,711,-1,5,Calmed,Calmed,100,9609
3,108326,711,-1,5,Calmed,Calmed,100,9610
3,108328,711,-1,5,Calmed,Calmed,100,9611
3,108331,711,-1,5,Calmed,Calmed,100,9612
3,108333,711,-1,5,Calmed,Calmed,100,9613
3,108336,711,-1,5,Calmed,Calmed,100,9614
3,108339,711,-1,5,Calmed,Calmed,100,9615
3,108342,711,-1,5,Calmed,Calmed,100,9616
3,108346,711,-1,5,Calmed,Calmed,100,9617
3,108349,711,-1,5,Calmed,Calmed,100,9618
3,108351,711,-1,5,Calmed,Calmed,100,9619
3,108354,711,-1,5,Calmed,Calmed,100,9620
3,108357,711,-1,5,Calmed,Calmed,100,9621
3,108360,711,-1,5,Calmed,Calmed,100,9622
3,108362,711,-1,5,Calmed,Calmed,100,9623
3,108364,711,-1,5,Calmed,Calmed,100,9624
3,108369,711,-1,5,Calmed,Calmed,100,9625
3,108373,711,-1,5,Calmed,Calmed,100,9626
3,108375,711,-1,5,Calmed,Calmed,100,9627
3,108377,711,-1,5,Calmed,Calmed,100,9628
3,108380,711,-1,5,Calmed,Calmed,100,9629
3,108382,711,-1,5,Calmed,Calmed,100,9630
3,108385,711,-1,5,Calmed,Calmed,100,9631
3,108388,711,-1,5,Calmed,Calmed,100,9632
3,108391,711,-1,5,Calmed,Calmed,100,9633
3,108393,711,-1,5,Calmed,Calmed,100,9634
3,108396,711,-1,5,Calmed,Calmed,100,9635
3,108398,711,-1,5,Calmed,Calmed,100,9636
3,108401,711,-1,5,Calmed,Calmed,100,9637
3,108404,711,-1,5,Calmed,Calmed,100,9638
3,108407,711,-1,5,Calmed,Calmed,100,9639
3,108409,711,-1,5,Calmed,Calmed,100,9640
3,108412,711,-1,5,Calmed,Calmed,100,9641
3,108414,711,-1,5,Calmed,Calmed,100,9642
3,108416,711,-1,5,Calmed,Calmed,100,9643
3,108419,711,-1,5,Calmed,Calmed,100,9644
3,108425,711,-1,5,Calmed,Calmed,100,9645
3,108427,711,-1,5,Calmed,Calmed,100,9646
3,108429,711,-1,5,Calmed,Calmed,100,9647
3,108432,711,-1,5,Calmed,Calmed,100,9648
3,108434,711,-1,5,Calmed,Calmed,100,9649
3,108437,711,-1,5,Calmed,Calmed,100,9650
3,108440,711,-1,5,Calmed,Calmed,100,9651
3,108445,711,-1,5,Calmed,Calmed,100,9652
3,108447,711,-1,5,Calmed,Calmed,100,9653
3,108450,711,-1,5,Calmed,Calmed,100,9654
3,108453,711,-1,5,Calmed,Calmed,100,9655
3,108457,711,-1,5,Calmed,Calmed,100,9656
3,108460,711,-1,5,Calmed,Calmed,100,9657
3,108463,711,-1,5,Calmed,Calmed,100,9658
3,108466,711,-1,5,Calmed,Calmed,100,9659
3,108468,711,-1,5,Calmed,Calmed,100,9660
3,108471,711,-1,5,Calmed,Calmed,100,9661
3,108474,711,-1,5,Calmed,Calmed,100,9662
3,108477,711,-1,5,Calmed,Calmed,100,9663
3,108480,711,-1,5,Calmed,Calmed,100,9664
3,108482,711,-1,5,Calmed,Calmed,100,9665
3,108484,711,-1,5,Calmed,Calmed,100,9666
3,108487,711,-1,5,Calmed,Calmed,100,9667
3,108490,711,-1,5,Calmed,Calmed,100,9668
3,108492,711,-1,5,Calmed,Calmed,100,9669
3,108497,711,-1,5,Calmed,Calmed,100,9670
3,108499,711,-1,5,Calmed,Calmed,100,9671
3,108502,711,-1,5,Calmed,Calmed,100,9672
3,108505,711,-1,5,Calmed,Calmed,100,9673
3,108507,711,-1,5,Calmed,Calmed,100,9674
3,108510,711,-1,5,Calmed,Calmed,100,9675
3,108512,711,-1,5,Calmed,Calmed,100,9676
3,108515,711,-1,5,Calmed,Calmed,100,9677
3,108517,711,-1,5,Calmed,Calmed,100,9678
3,108523,711,-1,5,Calmed,Calmed,100,9679
3,108525,711,-1,5,Calmed,Calmed,100,9680
3,108528,711,-1,5,Calmed,Calmed,100,9681
3,108530,711,-1,5,Calmed,Calmed,100,9682
3,108533,711,-1,5,Calmed,Calmed,100,9683
3,108536,711,-1,5,Calmed,Calmed,100,9684
3,108539,711,-1,5,Calmed,Calmed,100,9685
3,108541,711,-1,5,Calmed,Calmed,100,9686
3,108546,711,-1,5,Calmed,Calmed,100,9687
3,108548,711,-1,5,Calmed,Calmed,100,9688
3,108551,711,-1,5,Calmed,Calmed,100,9689
3,108554,711,-1,5,Calmed,Calmed,100,9690
3,108557,711,-1,5,Calmed,Calmed,100,9691
3,108559,711,-1,5,Calmed,Calmed,100,9692
3,108562,711,-1,5,Calmed,Calmed,100,9693
3,108564,711,-1,5,Calmed,Calmed,100,9694
3,108566,711,-1,5,Calmed,Calmed,100,9695
3,108569,711,-1,5,Calmed,Calmed,100,9696
3,108575,711,-1,5,Calmed,Calmed,100,9697
3,108577,711,-1,5,Calmed,Calmed,100,9698
3,108579,711,-1,5,Calmed,Calmed,100,9699
3,108582,711,-1,5,Calmed,Calmed,100,9700
3,108584,711,-1,5,Calmed,Calmed,100,9701
3,108588,711,-1,5,Calmed,Calmed,100,9702
3,108591,711,-1,5,Calmed,Calmed,100,9703
3,108595,711,-1,5,Calmed,Calmed,100,9704
3,108597,711,-1,5,Calmed,Calmed,100,9705
3,108599,711,-1,5,Calmed,Calmed,100,9706
3,108602,711,-1,5,Calmed,Calmed,100,9707
3,108606,711,-1,5,Calmed,Calmed,100,9708
3,108609,711,-1,5,Calmed,Calmed,100,9709
3,108611,711,-1,5,Calmed,Calmed,100,9710
3,108613,711,-1,5,Calmed,Calmed,100,9711
3,108615,711,-1,5,Calmed,Calmed,100,9712
3,108618,711,-1,5,Calmed,Calmed,100,9713
3,108621,711,-1,5,Calmed,Calmed,100,9714
3,108626,711,-1,5,Calmed,Calmed,100,9715
3,108628,711,-1,5,Calmed,Calmed,100,9716
3,108631,711,-1,5,Calmed,Calmed,100,9717
3,108633,711,-1,5,Calmed,Calmed,100,9718
3,108636,711,-1,5,Calmed,Calmed,100,9719
3,108639,711,-1,5,Calmed,Calmed,100,9720
3,108644,711,-1,5,Calmed,Calmed,100,9721
3,108646,711,-1,5,Calmed,Calmed,100,9722
3,108649,711,-1,5,Calmed,Calmed,100,9723
3,108651,711,-1,5,Calmed,Calmed,100,9724
3,108654,711,-1,5,Calmed,Calmed,100,9725
3,108657,711,-1,5,Calmed,Calmed,100,9726
3,108659,711,-1,5,Calmed,Calmed,100,9727
3,108662,711,-1,5,Calmed,Calmed,100,9728
3,108664,711,-1,5,Calmed,Calmed,100,9729
3,108667,711,-1,5,Calmed,Calmed,100,9730
3,108670,711,-1,5,Calmed,Calmed,100,9731
3,108675,711,-1,5,Calmed,Calmed,100,9732
3,108678,711,-1,5,Calmed,Calmed,100,9733
3,108680,711,-1,5,Calmed,Calmed,100,9734
3,108682,711,-1,5,Calmed,Calmed,100,9735
3,108685,711,-1,5,Calmed,Calmed,100,9736
3,108689,711,-1,5,Calmed,Calmed,100,9737
3,108691,711,-1,5,Calmed,Calmed,100,9738
3,108693,711,-1,5,Calmed,Calmed,100,9739
3,108696,711,-1,5,Calmed,Calmed,100,9740
3,108698,711,-1,5,Calmed,Calmed,100,9741
3,108701,711,-1,5,Calmed,Calmed,100,9742
3,108704,711,-1,5,Calmed,Calmed,100,9743
3,108707,711,-1,5,Calmed,Calmed,100,9744
3,108709,711,-1,5,Calmed,Calmed,100,9745
3,108712,711,-1,5,Calmed,Calmed,100,9746
3,108714,711,-1,5,Calmed,Calmed,100,9747
3,108717,711,-1,5,Calmed,Calmed,100,9748
3,108720,711,-1,5,Calmed,Calmed,100,9749
3,108723,711,-1,5,Calmed,Calmed,100,9750
3,108725,711,-1,5,Calmed,Calmed,100,9751
3,108730,711,-1,5,Calmed,Calmed,100,9752
3,108732,711,-1,5,Calmed,Calmed,100,9753
3,108735,711,-1,5,Calmed,Calmed,100,9754
3,108739,711,-1,5,Calmed,Calmed,100,9755
3,108741,711,-1,5,Calmed,Calmed,100,9756
3,108743,711,-1,5,Calmed,Calmed,100,9757
3,108745,711,-1,5,Calmed,Calmed,100,9758
3,108748,711,-1,5,Calmed,Calmed,100,9759
3,108750,711,-1,5,Calmed,Calmed,100,9760
3,108754,711,-1,5,Calmed,Calmed,100,9761
3,108756,711,-1,5,Calmed,Calmed,100,9762
3,108759,711,-1,5,Calmed,Calmed,100,9763
3,108761,711,-1,5,Calmed,Calmed,100,9764
3,108764,711,-1,5,Calmed,Calmed,100,9765
3,108766,711,-1,5,Calmed,Calmed,100,9766
3,108769,711,-1,5,Calmed,Calmed,100,9767
3,108772,711,-1,5,Calmed,Calmed,100,9768
3,108777,711,-1,5,Calmed,Calmed,100,9769
3,108779,711,-1,5,Calmed,Calmed,100,9770
3,108782,711,-1,5,Calmed,Calmed,100,9771
3,108784,711,-1,5,Calmed,Calmed,100,9772
3,108787,711,-1,5,Calmed,Calmed,100,9773
3,108792,711,-1,5,Calmed,Calmed,100,9774
3,108795,711,-1,5,Calmed,Calmed,100,9775
3,108797,711,-1,5,Calmed,Calmed,100,9776
3,108799,711,-1,5,Calmed,Calmed,100,9777
3,108802,711,-1,5,Calmed,Calmed,100,9778
3,108807,711,-1,5,Calmed,Calmed,100,9779
3,108809,711,-1,5,Calmed,Calmed,100,9780
3,108812,711,-1,5,Calmed,Calmed,100,9781
3,108814,711,-1,5,Calmed,Calmed,100,9782
3,108816,711,-1,5,Calmed,Calmed,100,9783
3,108819,711,-1,5,Calmed,Calmed,100,9784
3,108821,711,-1,5,Calmed,Calmed,100,9785
3,108824,711,-1,5,Calmed,Calmed,100,9786
3,108826,711,-1,5,Calmed,Calmed,100,9787
3,108829,711,-1,5,Calmed,Calmed,100,9788
3,108833,711,-1,5,Calmed,Calmed,100,9789
3,108836,711,-1,5,Calmed,Calmed,100,9790
3,108839,711,-1,5,Calmed,Calmed,100,9791
3,108842,711,-1,5,Calmed,Calmed,100,9792
3,108844,711,-1,5,Calmed,Calmed,100,9793
3,108849,711,-1,5,Calmed,Calmed,100,9794
3,108851,711,-1,5,Calmed,Calmed,100,9795
3,108854,711,-1,5,Calmed,Calmed,100,9796
3,108857,711,-1,5,Calmed,Calmed,100,9797
3,108860,711,-1,5,Calmed,Calmed,100,9798
3,108862,711,-1,5,Calmed,Calmed,100,9799
3,108865,711,-1,5,Calmed,Calmed,100,9800
3,108867,711,-1,5,Calmed,Calmed,100,9801
3,108870,711,-1,5,Calmed,Calmed,100,9802
3,108873,711,-1,5,Calmed,Calmed,100,9803
3,108877,711,-1,5,Calmed,Calmed,100,9804
3,108880,711,-1,5,Calmed,Calmed,100,9805
3,108882,711,-1,5,Calmed,Calmed,100,9806
3,108885,711,-1,5,Calmed,Calmed,100,9807
3,108888,711,-1,5,Calmed,Calmed,100,9808
3,108891,711,-1,5,Calmed,Calmed,100,9809
3,108893,711,-1,5,Calmed,Calmed,100,9810
3,108896,711,-1,5,Calmed,Calmed,100,9811
3,108898,711,-1,5,Calmed,Calmed,100,9812
3,108901,711,-1,5,Calmed,Calmed,100,9813
3,108904,711,-1,5,Calmed,Calmed,100,9814
3,108907,711,-1,5,Calmed,Calmed,100,9815
3,108909,711,-1,5,Calmed,Calmed,100,9816
3,108912,711,-1,5,Calmed,Calmed,100,9817
3,108914,711,-1,5,Calmed,Calmed,100,9818
3,108917,711,-1,5,Calmed,Calmed,100,9819
3,108920,711,-1,5,Calmed,Calmed,100,9820
3,108923,711,-1,5,Calmed,Calmed,100,9821
3,108925,711,-1,5,Calmed,Calmed,100,9822
3,108928,711,-1,5,Calmed,Calmed,100,9823
3,108930,711,-1,5,Calmed,Calmed,100,9824
3,108933,711,-1,5,Calmed,Calmed,100,9825
3,108937,711,-1,5,Calmed,Calmed,100,9826
3,108941,711,-1,5,Calmed,Calmed,100,9827
3,108943,711,-1,5,Calmed,Calmed,100,9828
3,108946,711,-1,5,Calmed,Calmed,100,9829
3,108948,711,-1,5,Calmed,Calmed,100,9830
3,108951,711,-1,5,Calmed,Calmed,100,9831
3,108954,711,-1,5,Calmed,Calmed,100,9832
3,108957,711,-1,5,Calmed,Calmed,100,9833
3,108961,711,-1,5,Calmed,Calmed,100,9834
3,108963,711,-1,5,Calmed,Calmed,100,9835
3,108966,711,-1,5,Calmed,Calmed,100,9836
3,108968,711,-1,5,Calmed,Calmed,100,9837
3,108972,711,-1,5,Calmed,Calmed,100,9838
3,108974,711,-1,5,Calmed,Calmed,100,9839
3,108977,711,-1,5,Calmed,Calmed,100,9840
3,108979,711,-1,5,Calmed,Calmed,100,9841
3,108982,711,-1,5,Calmed,Calmed,100,9842
3,108986,711,-1,5,Calmed,Calmed,100,9843
3,108990,711,-1,5,Calmed,Calmed,100,9844
3,108992,711,-1,5,Calmed,Calmed,100,9845
3,108994,711,-1,5,Calmed,Calmed,100,9846
3,108997,711,-1,5,Calmed,Calmed,100,9847
3,108999,711,-1,5,Calmed,Calmed,100,9848
3,109003,711,-1,5,Calmed,Calmed,100,9849
3,109005,711,-1,5,Calmed,Calmed,100,9850
3,109008,711,-1,5,Calmed,Calmed,100,9851
3,109010,711,-1,5,Calmed,Calmed,100,9852
3,109013,711,-1,5,Calmed,Calmed,100,9853
3,109015,711,-1,5,Calmed,Calmed,100,9854
3,109018,711,-1,5,Calmed,Calmed,100,9855
3,109021,711,-1,5,Calmed,Calmed,100,9856
3,109024,711,-1,5,Calmed,Calmed,100,9857
3,109026,711,-1,5,Calmed,Calmed,100,9858
3,109029,711,-1,5,Calmed,Calmed,100,9859
3,109033,711,-1,5,Calmed,Calmed,100,9860
3,109036,711,-1,5,Calmed,Calmed,100,9861
3,109039,711,-1,5,Calmed,Calmed,100,9862
3,109041,711,-1,5,Calmed,Calmed,100,9863
3,109044,711,-1,5,Calmed,Calmed,100,9864
3,109046,711,-1,5,Calmed,Calmed,100,9865
3,109049,711,-1,5,Calmed,Calmed,100,9866
3,109051,711,-1,5,Calmed,Calmed,100,9867
3,109055,711,-1,5,Calmed,Calmed,100,9868
3,109057,711,-1,5,Calmed,Calmed,100,9869
3,109060,711,-1,5,Calmed,Calmed,100,9870
3,109062,711,-1,5,Calmed,Calmed,100,9871
3,109065,711,-1,5,Calmed,Calmed,100,9872
3,109067,711,-1,5,Calmed,Calmed,100,9873
3,109070,711,-1,5,Calmed,Calmed,100,9874
3,109073,711,-1,5,Calmed,Calmed,100,9875
3,109076,711,-1,5,Calmed,Calmed,100,9876
3,109078,711,-1,5,Calmed,Calmed,100,9877
3,109081,711,-1,5,Calmed,Calmed,100,9878
3,109083,711,-1,5,Calmed,Calmed,100,9879
3,109086,711,-1,5,Calmed,Calmed,100,9880
3,109091,711,-1,5,Calmed,Calmed,100,9881
3,109093,711,-1,5,Calmed,Calmed,100,9882
3,109096,711,-1,5,Calmed,Calmed,100,9883
3,109098,711,-1,5,Calmed,Calmed,100,9884
3,109101,711,-1,5,Calmed,Calmed,100,9885
3,109104,711,-1,5,Calmed,Calmed,100,9886
3,109107,711,-1,5,Calmed,Calmed,100,9887
3,109109,711,-1,5,Calmed,Calmed,100,9888
3,109114,711,-1,5,Calmed,Calmed,100,9889
3,109116,711,-1,5,Calmed,Calmed,100,9890
3,109119,711,-1,5,Calmed,Calmed,100,9891
3,109123,711,-1,5,Calmed,Calmed,100,9892
3,109125,711,-1,5,Calmed,Calmed,100,9893
3,109127,711,-1,5,Calmed,Calmed,100,9894
3,109130,711,-1,5,Calmed,Calmed,100,9895
3,109132,711,-1,5,Calmed,Calmed,100,9896
3,109135,711,-1,5,Calmed,Calmed,100,9897
3,109140,711,-1,5,Calmed,Calmed,100,9898
3,109143,711,-1,5,Calmed,Calmed,100,9899
3,109145,711,-1,5,Calmed,Calmed,100,9900
3,109148,711,-1,5,Calmed,Calmed,100,9901
3,109150,711,-1,5,Calmed,Calmed,100,9902
3,109153,711,-1,5,Calmed,Calmed,100,9903
3,109156,711,-1,5,Calmed,Calmed,100,9904
3,109158,711,-1,5,Calmed,Calmed,100,9905
3,109163,711,-1,5,Calmed,Calmed,100,9906
3,109165,711,-1,5,Calmed,Calmed,100,9907
3,109168,711,-1,5,Calmed,Calmed,100,9908
3,109171,711,-1,5,Calmed,Calmed,100,9909
3,109174,711,-1,5,Calmed,Calmed,100,9910
3,109177,711,-1,5,Calmed,Calmed,100,9911
3,109179,711,-1,5,Calmed,Calmed,100,9912
3,109182,711,-1,5,Calmed,Calmed,100,9913
3,109184,711,-1,5,Calmed,Calmed,100,9914
3,109188,711,-1,5,Calmed,Calmed,100,9915
3,109192,711,-1,5,Calmed,Calmed,100,9916
3,109194,711,-1,5,Calmed,Calmed,100,9917
3,109197,711,-1,5,Calmed,Calmed,100,9918
3,109200,711,-1,5,Calmed,Calmed,100,9919
3,109203,711,-1,5,Calmed,Calmed,100,9920
3,109206,711,-1,5,Calmed,Calmed,100,9921
3,109209,711,-1,5,Calmed,Calmed,100,9922
3,109211,711,-1,5,Calmed,Calmed,100,9923
3,109214,711,-1,5,Calmed,Calmed,100,9924
3,109217,711,-1,5,Calmed,Calmed,100,9925
3,109220,711,-1,5,Calmed,Calmed,100,9926
3,109222,711,-1,5,Calmed,Calmed,100,9927
3,109225,711,-1,5,Calmed,Calmed,100,9928
3,109227,711,-1,5,Calmed,Calmed,100,9929
3,109229,711,-1,5,Calmed,Calmed,100,9930
3,109232,711,-1,5,Calmed,Calmed,100,9931
3,109234,711,-1,5,Calmed,Calmed,100,9932
3,109238,711,-1,5,Calmed,Calmed,100,9933
3,109242,711,-1,5,Calmed,Calmed,100,9934
3,109245,711,-1,5,Calmed,Calmed,100,9935
3,109247,711,-1,5,Calmed,Calmed,100,9936
3,109250,711,-1,5,Calmed,Calmed,100,9937
3,109252,711,-1,5,Calmed,Calmed,100,9938
3,109256,711,-1,5,Calmed,Calmed,100,9939
3,109258,711,-1,5,Calmed,Calmed,100,9940
3,109260,711,-1,5,Calmed,Calmed,100,9941
3,109263,711,-1,5,Calmed,Calmed,100,9942
3,109265,711,-1,5,Calmed,Calmed,100,9943
3,109268,711,-1,5,Calmed,Calmed,100,9944
3,109271,711,-1,5,Calmed,Calmed,100,9945
3,109274,711,-1,5,Calmed,Calmed,100,9946
3,109276,711,-1,5,Calmed,Calmed,100,9947
3,109279,711,-1,5,Calmed,Calmed,100,9948
3,109281,711,-1,5,Calmed,Calmed,100,9949
3,109284,711,-1,5,Calmed,Calmed,100,9950
3,109287,711,-1,5,Calmed,Calmed,100,9951
3,109292,711,-1,5,Calmed,Calmed,100,9952
3,109294,711,-1,5,Calmed,Calmed,100,9953
3,109297,711,-1,5,Calmed,Calmed,100,9954
3,109299,711,-1,5,Calmed,Calmed,100,9955
3,109302,711,-1,5,Calmed,Calmed,100,9956
3,109305,711,-1,5,Calmed,Calmed,100,9957
3,109308,711,-1,5,Calmed,Calmed,100,9958
3,109310,711,-1,5,Calmed,Calmed,100,9959
3,109314,711,-1,5,Calmed,Calmed,100,9960
3,109317,711,-1,5,Calmed,Calmed,100,9961
3,109320,711,-1,5,Calmed,Calmed,100,9962
3,109323,711,-1,5,Calmed,Calmed,100,9963
3,109325,711,-1,5,Calmed,Calmed,100,9964
3,109328,711,-1,5,Calmed,Calmed,100,9965
3,109330,711,-1,5,Calmed,Calmed,100,9966
3,109333,711,-1,5,Calmed,Calmed,100,9967
3,109336,711,-1,5,Calmed,Calmed,100,9968
3,109343,711,-1,5,Calmed,Calmed,100,9969
3,109346,711,-1,5,Calmed,Calmed,100,9970
3,109348,711,-1,5,Calmed,Calmed,100,9971
3,109351,711,-1,5,Calmed,Calmed,100,9972
3,109353,711,-1,5,Calmed,Calmed,100,9973
3,109355,711,-1,5,Calmed,Calmed,100,9974
3,109359,711,-1,5,Calmed,Calmed,100,9975
3,109361,711,-1,5,Calmed,Calmed,100,9976
3,109364,711,-1,5,Calmed,Calmed,100,9977
3,109366,711,-1,5,Calmed,Calmed,100,9978
3,109369,711,-1,5,Calmed,Calmed,100,9979
3,109372,711,-1,5,Calmed,Calmed,100,9980
3,109375,711,-1,5,Calmed,Calmed,100,9981
3,109377,711,-1,5,Calmed,Calmed,100,9982
3,109380,711,-1,5,Calmed,Calmed,100,9983
3,109382,711,-1,5,Calmed,Calmed,100,9984
3,109385,711,-1,5,Calmed,Calmed,100,9985
3,109388,711,-1,5,Calmed,Calmed,100,9986
3,109390,711,-1,5,Calmed,Calmed,100,9987
3,109395,711,-1,5,Calmed,Calmed,100,9988
3,109397,711,-1,5,Calmed,Calmed,100,9989
3,109400,711,-1,5,Calmed,Calmed,100,9990
3,109403,711,-1,5,Calmed,Calmed,100,9991
3,109406,711,-1,5,Calmed,Calmed,100,9992
3,109408,711,-1,5,Calmed,Calmed,100,9993
3,109411,711,-1,5,Calmed,Calmed,100,9994
3,109413,711,-1,5,Calmed,Calmed,100,9995
3,109416,711,-1,5,Calmed,Calmed,100,9996
3,109418,711,-1,5,Calmed,Calmed,100,9997
3,109422,711,-1,5,Calmed,Calmed,100,9998
3,109424,711,-1,5,Calmed,Calmed,100,9999
3,109427,711,-1,5,Calmed,Calmed,100,10000
3,109429,711,-1,5,Calmed,Calmed,100,10001
3,109432,711,-1,5,Calmed,Calmed,100,10002
3,109434,711,-1,5,Calmed,Calmed,100,10003
3,109437,711,-1,5,Calmed,Calmed,100,10004
3,109440,711,-1,5,Calmed,Calmed,100,10005
3,109445,711,-1,5,Calmed,Calmed,100,10006
3,109447,711,-1,5,Calmed,Calmed,100,10007
3,109449,711,-1,5,Calmed,Calmed,100,10008
3,109452,711,-1,5,Calmed,Calmed,100,10009
3,109456,711,-1,5,Calmed,Calmed,100,10010
3,109458,711,-1,5,Calmed,Calmed,100,10011
3,109460,711,-1,5,Calmed,Calmed,100,10012
3,109463,711,-1,5,Calmed,Calmed,100,10013
3,109465,711,-1,5,Calmed,Calmed,100,10014
3,109468,711,-1,5,Calmed,Calmed,100,10015
3,109471,711,-1,5,Calmed,Calmed,100,10016
3,109474,711,-1,5,Calmed,Calmed,100,10017
3,109476,711,-1,5,Calmed,Calmed,100,10018
3,109479,711,-1,5,Calmed,Calmed,100,10019
3,109481,711,-1,5,Calmed,Calmed,100,10020
3,109484,711,-1,5,Calmed,Calmed,100,10021
3,109487,711,-1,5,Calmed,Calmed,100,10022
3,109490,711,-1,5,Calmed,Calmed,100,10023
3,109492,711,-1,5,Calmed,Calmed,100,10024
3,109497,711,-1,5,Calmed,Calmed,100,10025
3,109499,711,-1,5,Calmed,Calmed,100,10026
3,109502,711,-1,5,Calmed,Calmed,100,10027
3,109505,711,-1,5,Calmed,Calmed,100,10028
3,109508,711,-1,5,Calmed,Calmed,100,10029
3,109510,711,-1,5,Calmed,Calmed,100,10030
3,109515,711,-1,5,Calmed,Calmed,100,10031
3,109517,711,-1,5,Calmed,Calmed,100,10032
3,109520,711,-1,5,Calmed,Calmed,100,10033
3,109523,711,-1,5,Calmed,Calmed,100,10034
3,109526,711,-1,5,Calmed,Calmed,100,10035
3,109528,711,-1,5,Calmed,Calmed,100,10036
3,109531,711,-1,5,Calmed,Calmed,100,10037
3,109533,711,-1,5,Calmed,Calmed,100,10038
3,109536,711,-1,5,Calmed,Calmed,100,10039
3,109539,711,-1,5,Calmed,Calmed,100,10040
3,109541,711,-1,5,Calmed,Calmed,100,10041
3,109546,711,-1,5,Calmed,Calmed,100,10042
3,109548,711,-1,5,Calmed,Calmed,100,10043
3,109551,711,-1,5,Calmed,Calmed,100,10044
3,109554,711,-1,5,Calmed,Calmed,100,10045
3,109557,711,-1,5,Calmed,Calmed,100,10046
3,109559,711,-1,5,Calmed,Calmed,100,10047
3,109562,711,-1,5,Calmed,Calmed,100,10048
3,109564,711,-1,5,Calmed,Calmed,100,10049
3,109567,711,-1,5,Calmed,Calmed,100,10050
3,109572,711,-1,5,Calmed,Calmed,100,10051
3,109575,711,-1,5,Calmed,Calmed,100,10052
3,109577,711,-1,5,Calmed,Calmed,100,10053
3,109579,711,-1,5,Calmed,Calmed,100,10054
3,109582,711,-1,5,Calmed,Calmed,100,10055
3,109585,711,-1,5,Calmed,Calmed,100,10056
3,109588,711,-1,5,Calmed,Calmed,100,10057
3,109591,711,-1,5,Calmed,Calmed,100,10058
3,109593,711,-1,5,Calmed,Calmed,100,10059
3,109595,711,-1,5,Calmed,Calmed,100,10060
3,109598,711,-1,5,Calmed,Calmed,100,10061
3,109603,711,-1,5,Calmed,Calmed,100,10062
3,109606,711,-1,5,Calmed,Calmed,100,10063
3,109609,711,-1,5,Calmed,Calmed,100,10064
3,109611,711,-1,5,Calmed,Calmed,100,10065
3,109613,711,-1,5,Calmed,Calmed,100,10066
3,109618,711,-1,5,Calmed,Calmed,100,10067
3,109621,711,-1,5,Calmed,Calmed,100,10068
3,109624,711,-1,5,Calmed,Calmed,100,10069
3,109626,711,-1,5,Calmed,Calmed,100,10070
3,109629,711,-1,5,Calmed,Calmed,100,10071
3,109631,711,-1,5,Calmed,Calmed,100,10072
3,109634,711,-1,5,Calmed,Calmed,100,10073
3,109637,711,-1,5,Calmed,Calmed,100,10074
3,109640,711,-1,5,Calmed,Calmed,100,10075
3,109642,711,-1,5,Calmed,Calmed,100,10076
3,109645,711,-1,5,Calmed,Calmed,100,10077
3,109647,711,-1,5,Calmed,Calmed,100,10078
3,109650,711,-1,5,Calmed,Calmed,100,10079
3,109652,711,-1,5,Calmed,Calmed,100,10080
3,109659,711,-1,5,Calmed,Calmed,100,10081
3,109661,711,-1,5,Calmed,Calmed,100,10082
3,109664,711,-1,5,Calmed,Calmed,100,10083
3,109666,711,-1,5,Calmed,Calmed,100,10084
3,109668,711,-1,5,Calmed,Calmed,100,10085
3,109671,711,-1,5,Calmed,Calmed,100,10086
3,109676,711,-1,5,Calmed,Calmed,100,10087
3,109678,711,-1,5,Calmed,Calmed,100,10088
3,109680,711,-1,5,Calmed,Calmed,100,10089
3,109683,711,-1,5,Calmed,Calmed,100,10090
3,109686,711,-1,5,Calmed,Calmed,100,10091
3,109689,711,-1,5,Calmed,Calmed,100,10092
3,109691,711,-1,5,Calmed,Calmed,100,10093
3,109694,711,-1,5,Calmed,Calmed,100,10094
3,109697,711,-1,5,Calmed,Calmed,100,10095
3,109699,711,-1,5,Calmed,Calmed,100,10096
3,109701,711,-1,5,Calmed,Calmed,100,10097
3,109707,711,-1,5,Calmed,Calmed,100,10098
3,109709,711,-1,5,Calmed,Calmed,100,10099
3,109712,711,-1,5,Calmed,Calmed,100,10100
3,109714,711,-1,5,Calmed,Calmed,100,10101
3,109717,711,-1,5,Calmed,Calmed,100,10102
3,109720,711,-1,5,Calmed,Calmed,100,10103
3,109723,711,-1,5,Calmed,Calmed,100,10104
3,109725,711,-1,5,Calmed,Calmed,100,10105
3,109730,711,-1,5,Calmed,Calmed,100,10106
3,109732,711,-1,5,Calmed,Calmed,100,10107
3,109735,711,-1,5,Calmed,Calmed,100,10108
3,109738,711,-1,5,Calmed,Calmed,100,10109
3,109741,711,-1,5,Calmed,Calmed,100,10110
3,109743,711,-1,5,Calmed,Calmed,100,10111
3,109746,711,-1,5,Calmed,Calmed,100,10112
3,109748,711,-1,5,Calmed,Calmed,100,10113
3,109750,711,-1,5,Calmed,Calmed,100,10114
3,109756,711,-1,5,Calmed,Calmed,100,10115
3,109759,711,-1,5,Calmed,Calmed,100,10116
3,109761,711,-1,5,Calmed,Calmed,100,10117
3,109763,711,-1,5,Calmed,Calmed,100,10118
3,109766,711,-1,5,Calmed,Calmed,100,10119
3,109768,711,-1,5,Calmed,Calmed,100,10120
3,109772,711,-1,5,Calmed,Calmed,100,10121
3,109776,711,-1,5,Calmed,Calmed,100,10122
3,109779,711,-1,5,Calmed,Calmed,100,10123
3,109781,711,-1,5,Calmed,Calmed,100,10124
3,109784,711,-1,5,Calmed,Calmed,100,10125
3,109787,711,-1,5,Calmed,Calmed,100,10126
3,109790,711,-1,5,Calmed,Calmed,100,10127
3,109792,711,-1,5,Calmed,Calmed,100,10128
3,109795,711,-1,5,Calmed,Calmed,100,10129
3,109797,711,-1,5,Calmed,Calmed,100,10130
3,109800,710,-2,5,Calmed,Calmed,100,10131
3,109802,710,-2,5,Calmed,Calmed,100,10132
3,109808,710,-2,5,Calmed,Calmed,100,10133
3,109810,710,-2,5,Calmed,Calmed,100,10134
3,109812,710,-2,5,Calmed,Calmed,100,10135
3,109815,710,-2,5,Calmed,Calmed,100,10136
3,109817,710,-2,5,Calmed,Calmed,100,10137
3,109821,710,-2,5,Calmed,Calmed,100,10138
3,109824,710,-2,5,Calmed,Calmed,100,10139
3,109826,710,-2,5,Calmed,Calmed,100,10140
3,109828,710,-2,5,Calmed,Calmed,100,10141
3,109833,710,-2,5,Calmed,Calmed,100,10142
3,109836,710,-2,5,Calmed,Calmed,100,10143
3,109839,710,-2,5,Calmed,Calmed,100,10144
3,109841,710,-2,5,Calmed,Calmed,100,10145
3,109844,710,-2,5,Calmed,Calmed,100,10146
3,109846,710,-2,5,Calmed,Calmed,100,10147
3,109849,710,-2,5,Calmed,Calmed,100,10148
3,109851,711,-1,5,Calmed,Calmed,100,10149
3,109857,711,-1,5,Calmed,Calmed,100,10150
3,109859,711,-1,5,Calmed,Calmed,100,10151
3,109862,711,-1,5,Calmed,Calmed,100,10152
3,109864,711,-1,5,Calmed,Calmed,100,10153
3,109867,711,-1,5,Calmed,Calmed,100,10154
3,109870,711,-1,5,Calmed,Calmed,100,10155
3,109873,711,-1,5,Calmed,Calmed,100,10156
3,109875,711,-1,5,Calmed,Calmed,100,10157
3,109878,711,-1,5,Calmed,Calmed,100,10158
3,109880,711,-1,5,Calmed,Calmed,100,10159
3,109883,711,-1,5,Calmed,Calmed,100,10160
3,109885,711,-1,5,Calmed,Calmed,100,10161
3,109889,711,-1,5,Calmed,Calmed,100,10162
3,109891,711,-1,5,Calmed,Calmed,100,10163
3,109894,711,-1,5,Calmed,Calmed,100,10164
3,109896,711,-1,5,Calmed,Calmed,100,10165
3,109899,711,-1,5,Calmed,Calmed,100,10166
3,109901,711,-1,5,Calmed,Calmed,100,10167
3,109907,711,-1,5,Calmed,Calmed,100,10168
3,109909,711,-1,5,Calmed,Calmed,100,10169
3,109911,711,-1,5,Calmed,Calmed,100,10170
3,109914,711,-1,5,Calmed,Calmed,100,10171
3,109916,711,-1,5,Calmed,Calmed,100,10172
3,109920,711,-1,5,Calmed,Calmed,100,10173
3,109922,711,-1,5,Calmed,Calmed,100,10174
3,109925,711,-1,5,Calmed,Calmed,100,10175
3,109929,711,-1,5,Calmed,Calmed,100,10176
3,109932,711,-1,5,Calmed,Calmed,100,10177
3,109934,711,-1,5,Calmed,Calmed,100,10178
3,109938,711,-1,5,Calmed,Calmed,100,10179
3,109941,711,-1,5,Calmed,Calmed,100,10180
3,109943,711,-1,5,Calmed,Calmed,100,10181
3,109945,711,-1,5,Calmed,Calmed,100,10182
3,109947,711,-1,5,Calmed,Calmed,100,10183
3,109950,711,-1,5,Calmed,Calmed,100,10184
3,109953,711,-1,5,Calmed,Calmed,100,10185
3,109956,711,-1,5,Calmed,Calmed,100,10186
3,109958,711,-1,5,Calmed,Calmed,100,10187
3,109963,711,-1,5,Calmed,Calmed,100,10188
3,109965,711,-1,5,Calmed,Calmed,100,10189
3,109968,711,-1,5,Calmed,Calmed,100,10190
3,109972,711,-1,5,Calmed,Calmed,100,10191
3,109976,711,-1,5,Calmed,Calmed,100,10192
3,109978,711,-1,5,Calmed,Calmed,100,10193
3,109981,711,-1,5,Calmed,Calmed,100,10194
3,109983,711,-1,5,Calmed,Calmed,100,10195
3,109986,711,-1,5,Calmed,Calmed,100,10196
3,109989,711,-1,5,Calmed,Calmed,100,10197
3,109992,711,-1,5,Calmed,Calmed,100,10198
3,109994,711,-1,5,Calmed,Calmed,100,10199
3,109997,711,-1,5,Calmed,Calmed,100,10200
3,109999,711,-1,5,Calmed,Calmed,100,10201
3,110002,711,-1,5,Calmed,Calmed,100,10202
3,110005,711,-1,5,Calmed,Calmed,100,10203
3,110010,711,-1,5,Calmed,Calmed,100,10204
3,110012,711,-1,5,Calmed,Calmed,100,10205
3,110014,711,-1,5,Calmed,Calmed,100,10206
3,110017,711,-1,5,Calmed,Calmed,100,10207
3,110020,711,-1,5,Calmed,Calmed,100,10208
3,110023,711,-1,5,Calmed,Calmed,100,10209
3,110025,711,-1,5,Calmed,Calmed,100,10210
3,110028,711,-1,5,Calmed,Calmed,100,10211
3,110030,711,-1,5,Calmed,Calmed,100,10212
3,110035,711,-1,5,Calmed,Calmed,100,10213
3,110039,711,-1,5,Calmed,Calmed,100,10214
3,110041,711,-1,5,Calmed,Calmed,100,10215
3,110043,711,-1,5,Calmed,Calmed,100,10216
3,110046,711,-1,5,Calmed,Calmed,100,10217
3,110048,711,-1,5,Calmed,Calmed,100,10218
3,110051,711,-1,5,Calmed,Calmed,100,10219
3,110054,711,-1,5,Calmed,Calmed,100,10220
3,110057,711,-1,5,Calmed,Calmed,100,10221
3,110061,711,-1,5,Calmed,Calmed,100,10222
3,110064,711,-1,5,Calmed,Calmed,100,10223
3,110066,711,-1,5,Calmed,Calmed,100,10224
3,110069,711,-1,5,Calmed,Calmed,100,10225
3,110072,711,-1,5,Calmed,Calmed,100,10226
3,110075,711,-1,5,Calmed,Calmed,100,10227
3,110077,711,-1,5,Calmed,Calmed,100,10228
3,110081,711,-1,5,Calmed,Calmed,100,10229
3,110084,711,-1,5,Calmed,Calmed,100,10230
3,110087,711,-1,5,Calmed,Calmed,100,10231
3,110090,711,-1,5,Calmed,Calmed,100,10232
3,110092,711,-1,5,Calmed,Calmed,100,10233
3,110095,711,-1,5,Calmed,Calmed,100,10234
3,110097,711,-1,5,Calmed,Calmed,100,10235
3,110100,711,-1,5,Calmed,Calmed,100,10236
3,110103,711,-1,5,Calmed,Calmed,100,10237
3,110107,711,-1,5,Calmed,Calmed,100,10238
3,110109,711,0,5,Calmed,Calmed,100,10239
3,110113,711,0,5,Calmed,Calmed,100,10240
3,110115,711,0,5,Calmed,Calmed,100,10241
3,110118,711,0,5,Calmed,Calmed,100,10242
3,110121,711,0,5,Calmed,Calmed,100,10243
3,110124,711,0,5,Calmed,Calmed,100,10244
3,110128,711,0,5,Calmed,Calmed,100,10245
3,110131,711,0,5,Calmed,Calmed,100,10246
3,110133,711,0,5,Calmed,Calmed,100,10247
3,110136,711,0,5,Calmed,Calmed,100,10248
3,110139,711,0,5,Calmed,Calmed,100,10249
3,110142,711,0,5,Calmed,Calmed,100,10250
3,110144,711,0,5,Calmed,Calmed,100,10251
3,110147,711,0,5,Calmed,Calmed,100,10252
3,110149,711,0,5,Calmed,Calmed,100,10253
3,110151,711,0,5,Calmed,Calmed,100,10254
3,110155,711,0,5,Calmed,Calmed,100,10255
3,110158,711,0,5,Calmed,Calmed,100,10256
3,110160,710,-1,5,Calmed,Calmed,100,10257
3,110162,710,-1,5,Calmed,Calmed,100,10258
3,110165,710,-1,5,Calmed,Calmed,100,10259
3,110169,710,-1,5,Calmed,Calmed,100,10260
3,110173,710,-1,5,Calmed,Calmed,100,10261
3,110175,710,-1,5,Calmed,Calmed,100,10262
3,110178,710,-1,5,Calmed,Calmed,100,10263
3,110180,710,-1,5,Calmed,Calmed,100,10264
3,110182,710,-1,5,Calmed,Calmed,100,10265
3,110187,710,-1,5,Calmed,Calmed,100,10266
3,110191,710,-1,5,Calmed,Calmed,100,10267
3,110193,710,-1,5,Calmed,Calmed,100,10268
3,110195,710,-1,5,Calmed,Calmed,100,10269
3,110198,710,-1,5,Calmed,Calmed,100,10270
3,110200,710,-1,5,Calmed,Calmed,100,10271
3,110203,710,-1,5,Calmed,Calmed,100,10272
3,110206,710,-1,5,Calmed,Calmed,100,10273
3,110209,710,-2,5,Calmed,Calmed,100,10274
3,110211,710,-2,5,Calmed,Calmed,100,10275
3,110214,710,-2,5,Calmed,Calmed,100,10276
3,110218,710,-2,5,Calmed,Calmed,100,10277
3,110221,710,-2,5,Calmed,Calmed,100,10278
3,110224,710,-2,5,Calmed,Calmed,100,10279
3,110227,710,-2,5,Calmed,Calmed,100,10280
3,110229,710,-2,5,Calmed,Calmed,100,10281
3,110233,710,-2,5,Calmed,Calmed,100,10282
3,110236,710,-2,5,Calmed,Calmed,100,10283
3,110239,710,-2,5,Calmed,Calmed,100,10284
3,110242,710,-2,5,Calmed,Calmed,100,10285
3,110244,710,-2,5,Calmed,Calmed,100,10286
3,110247,710,-2,5,Calmed,Calmed,100,10287
3,110249,710,-2,5,Calmed,Calmed,100,10288
3,110253,710,-2,5,Calmed,Calmed,100,10289
3,110255,710,-2,5,Calmed,Calmed,100,10290
3,110258,710,-2,5,Calmed,Calmed,100,10291
3,110260,710,-2,5,Calmed,Calmed,100,10292
3,110265,710,-2,5,Calmed,Calmed,100,10293
3,110267,710,-2,5,Calmed,Calmed,100,10294
3,110270,710,-2,5,Calmed,Calmed,100,10295
3,110273,710,-2,5,Calmed,Calmed,100,10296
3,110276,710,-2,5,Calmed,Calmed,100,10297
3,110278,710,-2,5,Calmed,Calmed,100,10298
3,110281,710,-2,5,Calmed,Calmed,100,10299
3,110283,710,-2,5,Calmed,Calmed,100,10300
3,110286,710,-2,5,Calmed,Calmed,100,10301
3,110291,710,-2,5,Calmed,Calmed,100,10302
3,110294,710,-2,5,Calmed,Calmed,100,10303
3,110296,710,-2,5,Calmed,Calmed,100,10304
3,110298,710,-2,5,Calmed,Calmed,100,10305
3,110301,710,-2,5,Calmed,Calmed,100,10306
3,110304,710,-2,5,Calmed,Calmed,100,10307
3,110307,710,-2,5,Calmed,Calmed,100,10308
3,110309,710,-2,5,Calmed,Calmed,100,10309
3,110312,710,-2,5,Calmed,Calmed,100,10310
3,110314,711,0,5,Calmed,Calmed,100,10311
3,110317,711,0,5,Calmed,Calmed,100,10312
3,110322,711,0,5,Calmed,Calmed,100,10313
3,110325,711,0,5,Calmed,Calmed,100,10314
3,110327,711,0,5,Calmed,Calmed,100,10315
3,110330,711,0,5,Calmed,Calmed,100,10316
3,110332,711,0,5,Calmed,Calmed,100,10317
3,110335,711,0,5,Calmed,Calmed,100,10318
3,110338,711,0,5,Calmed,Calmed,100,10319
3,110341,711,0,5,Calmed,Calmed,100,10320
3,110345,711,0,5,Calmed,Calmed,100,10321
3,110348,711,0,5,Calmed,Calmed,100,10322
3,110350,711,0,5,Calmed,Calmed,100,10323
3,110353,711,0,5,Calmed,Calmed,100,10324
3,110356,711,0,5,Calmed,Calmed,100,10325
3,110359,711,0,5,Calmed,Calmed,100,10326
3,110361,711,0,5,Calmed,Calmed,100,10327
3,110364,710,-1,5,Calmed,Calmed,100,10328
3,110366,710,-1,5,Calmed,Calmed,100,10329
3,110371,710,-1,5,Calmed,Calmed,100,10330
3,110374,710,-1,5,Calmed,Calmed,100,10331
3,110377,710,-1,5,Calmed,Calmed,100,10332
3,110379,710,-1,5,Calmed,Calmed,100,10333
3,110381,710,-1,5,Calmed,Calmed,100,10334
3,110384,710,-1,5,Calmed,Calmed,100,10335
3,110387,710,-1,5,Calmed,Calmed,100,10336
3,110390,710,-1,5,Calmed,Calmed,100,10337
3,110392,710,-1,5,Calmed,Calmed,100,10338
3,110395,710,-1,5,Calmed,Calmed,100,10339
3,110397,710,-1,5,Calmed,Calmed,100,10340
3,110400,710,-1,5,Calmed,Calmed,100,10341
3,110402,710,-1,5,Calmed,Calmed,100,10342
3,110409,710,-1,5,Calmed,Calmed,100,10343
3,110412,710,-1,5,Calmed,Calmed,100,10344
3,110415,710,-1,5,Calmed,Calmed,100,10345
3,110418,710,-1,5,Calmed,Calmed,100,10346
3,110420,710,-1,5,Calmed,Calmed,100,10347
3,110423,710,-1,5,Calmed,Calmed,100,10348
3,110425,710,-1,5,Calmed,Calmed,100,10349
3,110428,710,-1,5,Calmed,Calmed,100,10350
3,110431,710,-1,5,Calmed,Calmed,100,10351
3,110434,710,-1,5,Calmed,Calmed,100,10352
3,110437,710,-1,5,Calmed,Calmed,100,10353
3,110440,710,-1,5,Calmed,Calmed,100,10354
3,110443,710,-1,5,Calmed,Calmed,100,10355
3,110446,710,-1,5,Calmed,Calmed,100,10356
3,110449,710,-1,5,Calmed,Calmed,100,10357
3,110452,710,-1,5,Calmed,Calmed,100,10358
3,110455,710,-1,5,Calmed,Calmed,100,10359
3,110457,710,-1,5,Calmed,Calmed,100,10360
3,110460,710,-1,5,Calmed,Calmed,100,10361
3,110463,710,-1,5,Calmed,Calmed,100,10362
3,110466,711,0,5,Calmed,Calmed,100,10363
3,110469,711,0,5,Calmed,Calmed,100,10364
3,110471,711,0,5,Calmed,Calmed,100,10365
3,110474,711,0,5,Calmed,Calmed,100,10366
3,110477,711,0,5,Calmed,Calmed,100,10367
3,110480,711,0,5,Calmed,Calmed,100,10368
3,110482,711,0,5,Calmed,Calmed,100,10369
3,110485,711,0,5,Calmed,Calmed,100,10370
3,110488,711,0,5,Calmed,Calmed,100,10371
3,110490,711,0,5,Calmed,Calmed,100,10372
3,110493,711,0,5,Calmed,Calmed,100,10373
3,110495,711,0,5,Calmed,Calmed,100,10374
3,110497,711,0,5,Calmed,Calmed,100,10375
3,110500,711,0,5,Calmed,Calmed,100,10376
3,110502,711,0,5,Calmed,Calmed,100,10377
3,110504,711,0,5,Calmed,Calmed,100,10378
3,110507,711,0,5,Calmed,Calmed,100,10379
3,110509,711,0,5,Calmed,Calmed,100,10380
3,110511,711,0,5,Calmed,Calmed,100,10381
3,110514,711,0,5,Calmed,Calmed,100,10382
3,110516,711,0,5,Calmed,Calmed,100,10383
3,110519,710,-1,5,Calmed,Calmed,100,10384
3,110524,710,-1,5,Calmed,Calmed,100,10385
3,110527,710,-1,5,Calmed,Calmed,100,10386
3,110530,710,-1,5,Calmed,Calmed,100,10387
3,110532,710,-1,5,Calmed,Calmed,100,10388
3,110535,710,-1,5,Calmed,Calmed,100,10389
3,110537,710,-1,5,Calmed,Calmed,100,10390
3,110540,710,-1,5,Calmed,Calmed,100,10391
3,110542,710,-1,5,Calmed,Calmed,100,10392
3,110547,710,-1,5,Calmed,Calmed,100,10393
3,110549,710,-1,5,Calmed,Calmed,100,10394
3,110552,710,-1,5,Calmed,Calmed,100,10395
3,110555,710,-1,5,Calmed,Calmed,100,10396
3,110558,710,-1,5,Calmed,Calmed,100,10397
3,110560,710,-1,5,Calmed,Calmed,100,10398
3,110563,710,-1,5,Calmed,Calmed,100,10399
3,110565,710,-1,5,Calmed,Calmed,100,10400
3,110568,710,-1,5,Calmed,Calmed,100,10401
3,110571,710,-1,5,Calmed,Calmed,100,10402
3,110576,710,-1,5,Calmed,Calmed,100,10403
3,110578,710,-1,5,Calmed,Calmed,100,10404
3,110581,710,-1,5,Calmed,Calmed,100,10405
3,110583,710,-1,5,Calmed,Calmed,100,10406
3,110586,710,-1,5,Calmed,Calmed,100,10407
3,110589,710,-1,5,Calmed,Calmed,100,10408
3,110594,710,-1,5,Calmed,Calmed,100,10409
3,110596,710,-1,5,Calmed,Calmed,100,10410
3,110599,710,-1,5,Calmed,Calmed,100,10411
3,110601,710,-1,5,Calmed,Calmed,100,10412
3,110604,710,-1,5,Calmed,Calmed,100,10413
3,110607,710,-1,5,Calmed,Calmed,100,10414
3,110609,710,-1,5,Calmed,Calmed,100,10415
3,110612,710,-1,5,Calmed,Calmed,100,10416
3,110614,710,-1,5,Calmed,Calmed,100,10417
3,110617,710,-1,5,Calmed,Calmed,100,10418
3,110620,710,-1,5,Calmed,Calmed,100,10419
3,110623,710,-1,5,Calmed,Calmed,100,10420
3,110625,710,-1,5,Calmed,Calmed,100,10421
3,110628,710,-1,5,Calmed,Calmed,100,10422
3,110630,710,-1,5,Calmed,Calmed,100,10423
3,110635,710,-1,5,Calmed,Calmed,100,10424
3,110638,710,-1,5,Calmed,Calmed,100,10425
3,110641,710,-1,5,Calmed,Calmed,100,10426
3,110643,710,-1,5,Calmed,Calmed,100,10427
3,110646,710,-1,5,Calmed,Calmed,100,10428
3,110648,710,-1,5,Calmed,Calmed,100,10429
3,110651,710,-1,5,Calmed,Calmed,100,10430
3,110654,710,-1,5,Calmed,Calmed,100,10431
3,110657,710,-1,5,Calmed,Calmed,100,10432
3,110659,710,-1,5,Calmed,Calmed,100,10433
3,110662,710,-1,5,Calmed,Calmed,100,10434
3,110664,710,-1,5,Calmed,Calmed,100,10435
3,110666,710,-1,5,Calmed,Calmed,100,10436
3,110669,710,-1,5,Calmed,Calmed,100,10437
3,110673,710,-1,5,Calmed,Calmed,100,10438
3,110675,710,-1,5,Calmed,Calmed,100,10439
3,110677,710,-1,5,Calmed,Calmed,100,10440
3,110682,710,-1,5,Calmed,Calmed,100,10441
3,110684,710,-1,5,Calmed,Calmed,100,10442
3,110687,710,-1,5,Calmed,Calmed,100,10443
3,110690,710,-1,5,Calmed,Calmed,100,10444
3,110693,710,-1,5,Calmed,Calmed,100,10445
3,110695,710,-1,5,Calmed,Calmed,100,10446
3,110698,710,-1,5,Calmed,Calmed,100,10447
3,110700,710,-1,5,Calmed,Calmed,100,10448
3,110703,710,-1,5,Calmed,Calmed,100,10449
3,110706,710,-1,5,Calmed,Calmed,100,10450
3,110709,710,-1,5,Calmed,Calmed,100,10451
3,110711,710,-1,5,Calmed,Calmed,100,10452
3,110714,710,-1,5,Calmed,Calmed,100,10453
3,110716,710,-1,5,Calmed,Calmed,100,10454
3,110719,710,-1,5,Calmed,Calmed,100,10455
3,110722,710,-1,5,Calmed,Calmed,100,10456
3,110725,710,-1,5,Calmed,Calmed,100,10457
3,110729,710,-1,5,Calmed,Calmed,100,10458
3,110731,710,-1,5,Calmed,Calmed,100,10459
3,110734,710,-1,5,Calmed,Calmed,100,10460
3,110737,710,-1,5,Calmed,Calmed,100,10461
3,110740,710,-1,5,Calmed,Calmed,100,10462
3,110742,710,-1,5,Calmed,Calmed,100,10463
3,110745,710,-1,5,Calmed,Calmed,100,10464
3,110747,710,-1,5,Calmed,Calmed,100,10465
3,110750,710,-1,5,Calmed,Calmed,100,10466
3,110755,710,-1,5,Calmed,Calmed,100,10467
3,110758,710,-1,5,Calmed,Calmed,100,10468
3,110760,710,-1,5,Calmed,Calmed,100,10469
3,110763,710,-1,5,Calmed,Calmed,100,10470
3,110765,710,-1,5,Calmed,Calmed,100,10471
3,110768,710,-1,5,Calmed,Calmed,100,10472
3,110771,710,-1,5,Calmed,Calmed,100,10473
3,110774,710,-1,5,Calmed,Calmed,100,10474
3,110776,710,-1,5,Calmed,Calmed,100,10475
3,110779,710,-1,5,Calmed,Calmed,100,10476
3,110781,710,-1,5,Calmed,Calmed,100,10477
3,110786,710,-1,5,Calmed,Calmed,100,10478
3,110789,710,-1,5,Calmed,Calmed,100,10479
3,110792,710,-1,5,Calmed,Calmed,100,10480
3,110794,710,-1,5,Calmed,Calmed,100,10481
3,110796,710,-1,5,Calmed,Calmed,100,10482
3,110799,710,-1,5,Calmed,Calmed,100,10483
3,110802,710,-1,5,Calmed,Calmed,100,10484
3,110805,710,-1,5,Calmed,Calmed,100,10485
3,110807,710,-1,5,Calmed,Calmed,100,10486
3,110810,710,-1,5,Calmed,Calmed,100,10487
3,110812,710,-1,5,Calmed,Calmed,100,10488
3,110815,710,-1,5,Calmed,Calmed,100,10489
3,110817,710,-1,5,Calmed,Calmed,100,10490
3,110820,710,-1,5,Calmed,Calmed,100,10491
3,110823,710,-1,5,Calmed,Calmed,100,10492
3,110826,710,-1,5,Calmed,Calmed,100,10493
3,110828,710,-1,5,Calmed,Calmed,100,10494
3,110831,710,-1,5,Calmed,Calmed,100,10495
3,110835,710,-1,5,Calmed,Calmed,100,10496
3,110838,710,-1,5,Calmed,Calmed,100,10497
3,110841,710,-1,5,Calmed,Calmed,100,10498
3,110844,710,-1,5,Calmed,Calmed,100,10499
3,110846,710,-1,5,Calmed,Calmed,100,10500
3,110850,710,-1,5,Calmed,Calmed,100,10501
3,110853,710,-1,5,Calmed,Calmed,100,10502
3,110857,710,-1,5,Calmed,Calmed,100,10503
3,110859,710,-1,5,Calmed,Calmed,100,10504
3,110861,710,-1,5,Calmed,Calmed,100,10505
3,110864,710,-1,5,Calmed,Calmed,100,10506
3,110866,710,-1,5,Calmed,Calmed,100,10507
3,110869,710,-1,5,Calmed,Calmed,100,10508
3,110872,710,-1,5,Calmed,Calmed,100,10509
3,110875,710,-1,5,Calmed,Calmed,100,10510
3,110877,710,-1,5,Calmed,Calmed,100,10511
3,110882,710,-1,5,Calmed,Calmed,100,10512
3,110884,710,-1,5,Calmed,Calmed,100,10513
3,110887,710,-1,5,Calmed,Calmed,100,10514
3,110890,710,-1,5,Calmed,Calmed,100,10515
3,110893,710,-1,5,Calmed,Calmed,100,10516
3,110897,710,-1,5,Calmed,Calmed,100,10517
3,110900,710,-1,5,Calmed,Calmed,100,10518
3,110903,710,-1,5,Calmed,Calmed,100,10519
3,110906,710,-1,5,Calmed,Calmed,100,10520
3,110908,710,-1,5,Calmed,Calmed,100,10521
3,110911,710,-1,5,Calmed,Calmed,100,10522
3,110913,710,-1,5,Calmed,Calmed,100,10523
3,110915,710,-1,5,Calmed,Calmed,100,10524
3,110918,710,-1,5,Calmed,Calmed,100,10525
3,110921,710,-1,5,Calmed,Calmed,100,10526
3,110924,710,-1,5,Calmed,Calmed,100,10527
3,110926,710,-1,5,Calmed,Calmed,100,10528
3,110929,710,-1,5,Calmed,Calmed,100,10529
3,110931,710,-1,5,Calmed,Calmed,100,10530
3,110934,710,-1,5,Calmed,Calmed,100,10531
3,110939,710,-1,5,Calmed,Calmed,100,10532
3,110942,710,-1,5,Calmed,Calmed,100,10533
3,110944,710,-1,5,Calmed,Calmed,100,10534
3,110947,710,-1,5,Calmed,Calmed,100,10535
3,110949,710,-1,5,Calmed,Calmed,100,10536
3,110952,710,-1,5,Calmed,Calmed,100,10537
3,110955,710,-1,5,Calmed,Calmed,100,10538
3,110958,710,-1,5,Calmed,Calmed,100,10539
3,110960,710,-1,5,Calmed,Calmed,100,10540
3,110963,710,-1,5,Calmed,Calmed,100,10541
3,110965,710,-1,5,Calmed,Calmed,100,10542
3,110968,710,-1,5,Calmed,Calmed,100,10543
3,110971,710,-1,5,Calmed,Calmed,100,10544
3,110974,710,-1,5,Calmed,Calmed,100,10545
3,110976,710,-1,5,Calmed,Calmed,100,10546
3,110978,710,-1,5,Calmed,Calmed,100,10547
3,110981,710,-1,5,Calmed,Calmed,100,10548
3,110983,710,-1,5,Calmed,Calmed,100,10549
3,110987,710,-1,5,Calmed,Calmed,100,10550
3,110992,710,-1,5,Calmed,Calmed,100,10551
3,110994,710,-1,5,Calmed,Calmed,100,10552
3,110996,710,-1,5,Calmed,Calmed,100,10553
3,110999,710,-1,5,Calmed,Calmed,100,10554
3,111001,710,-1,5,Calmed,Calmed,100,10555
3,111005,710,-1,5,Calmed,Calmed,100,10556
3,111010,710,-1,5,Calmed,Calmed,100,10557
3,111012,710,-1,5,Calmed,Calmed,100,10558
3,111014,710,-1,5,Calmed,Calmed,100,10559
3,111017,710,-1,5,Calmed,Calmed,100,10560
3,111020,710,-1,5,Calmed,Calmed,100,10561
3,111023,710,-1,5,Calmed,Calmed,100,10562
3,111025,710,-1,5,Calmed,Calmed,100,10563
3,111028,710,-1,5,Calmed,Calmed,100,10564
3,111030,710,-1,5,Calmed,Calmed,100,10565
3,111033,710,-1,5,Calmed,Calmed,100,10566
3,111035,710,-1,5,Calmed,Calmed,100,10567
3,111040,710,-1,5,Calmed,Calmed,100,10568
3,111043,710,-1,5,Calmed,Calmed,100,10569
3,111046,710,-1,5,Calmed,Calmed,100,10570
3,111048,710,-1,5,Calmed,Calmed,100,10571
3,111050,710,-1,5,Calmed,Calmed,100,10572
3,111054,710,-1,5,Calmed,Calmed,100,10573
3,111056,710,-1,5,Calmed,Calmed,100,10574
3,111061,710,-1,5,Calmed,Calmed,100,10575
3,111063,710,-1,5,Calmed,Calmed,100,10576
3,111066,710,-1,5,Calmed,Calmed,100,10577
3,111068,710,-1,5,Calmed,Calmed,100,10578
3,111072,710,-1,5,Calmed,Calmed,100,10579
3,111075,710,-1,5,Calmed,Calmed,100,10580
3,111077,710,-1,5,Calmed,Calmed,100,10581
3,111079,710,-1,5,Calmed,Calmed,100,10582
3,111082,710,-1,5,Calmed,Calmed,100,10583
3,111084,710,-1,5,Calmed,Calmed,100,10584
3,111090,710,-1,5,Calmed,Calmed,100,10585
3,111092,710,-1,5,Calmed,Calmed,100,10586
3,111094,710,-1,5,Calmed,Calmed,100,10587
3,111097,710,-1,5,Calmed,Calmed,100,10588
3,111099,710,-1,5,Calmed,Calmed,100,10589
3,111102,710,-1,5,Calmed,Calmed,100,10590
3,111106,710,-1,5,Calmed,Calmed,100,10591
3,111108,710,-1,5,Calmed,Calmed,100,10592
3,111110,710,-1,5,Calmed,Calmed,100,10593
3,111115,710,-1,5,Calmed,Calmed,100,10594
3,111117,710,-1,5,Calmed,Calmed,100,10595
3,111120,710,-1,5,Calmed,Calmed,100,10596
3,111123,710,-1,5,Calmed,Calmed,100,10597
3,111126,710,-1,5,Calmed,Calmed,100,10598
3,111128,710,-1,5,Calmed,Calmed,100,10599
3,111131,710,-1,5,Calmed,Calmed,100,10600
3,111133,710,-1,5,Calmed,Calmed,100,10601
3,111136,710,-1,5,Calmed,Calmed,100,10602
3,111141,710,-1,5,Calmed,Calmed,100,10603
3,111144,710,-1,5,Calmed,Calmed,100,10604
3,111147,710,-1,5,Calmed,Calmed,100,10605
3,111149,710,-1,5,Calmed,Calmed,100,10606
3,111151,710,-1,5,Calmed,Calmed,100,10607
3,111155,710,-1,5,Calmed,Calmed,100,10608
3,111157,710,-1,5,Calmed,Calmed,100,10609
3,111160,710,-1,5,Calmed,Calmed,100,10610
3,111162,710,-1,5,Calmed,Calmed,100,10611
3,111165,710,-1,5,Calmed,Calmed,100,10612
3,111167,710,-1,5,Calmed,Calmed,100,10613
3,111170,710,-1,5,Calmed,Calmed,100,10614
3,111173,710,-1,5,Calmed,Calmed,100,10615
3,111176,710,-1,5,Calmed,Calmed,100,10616
3,111178,710,-1,5,Calmed,Calmed,100,10617
3,111181,710,-1,5,Calmed,Calmed,100,10618
3,111183,710,-1,5,Calmed,Calmed,100,10619
3,111186,710,-1,5,Calmed,Calmed,100,10620
3,111191,710,-1,5,Calmed,Calmed,100,10621
3,111193,710,-1,5,Calmed,Calmed,100,10622
3,111196,710,-1,5,Calmed,Calmed,100,10623
3,111198,710,-1,5,Calmed,Calmed,100,10624
3,111201,710,-1,5,Calmed,Calmed,100,10625
3,111204,710,-1,5,Calmed,Calmed,100,10626
3,111207,710,-1,5,Calmed,Calmed,100,10627
3,111209,710,-1,5,Calmed,Calmed,100,10628
3,111212,710,-1,5,Calmed,Calmed,100,10629
3,111214,710,-1,5,Calmed,Calmed,100,10630
3,111219,710,-1,5,Calmed,Calmed,100,10631
3,111222,710,-1,5,Calmed,Calmed,100,10632
3,111225,710,-1,5,Calmed,Calmed,100,10633
3,111227,710,-1,5,Calmed,Calmed,100,10634
3,111230,710,-1,5,Calmed,Calmed,100,10635
3,111232,710,-1,5,Calmed,Calmed,100,10636
3,111235,710,-1,5,Calmed,Calmed,100,10637
3,111238,710,-1,5,Calmed,Calmed,100,10638
3,111243,710,-1,5,Calmed,Calmed,100,10639
3,111245,710,-1,5,Calmed,Calmed,100,10640
3,111248,710,-1,5,Calmed,Calmed,100,10641
3,111250,710,-1,5,Calmed,Calmed,100,10642
3,111253,710,-1,5,Calmed,Calmed,100,10643
3,111256,710,-1,5,Calmed,Calmed,100,10644
3,111260,710,-1,5,Calmed,Calmed,100,10645
3,111263,710,-1,5,Calmed,Calmed,100,10646
3,111265,710,-1,5,Calmed,Calmed,100,10647
3,111268,710,-1,5,Calmed,Calmed,100,10648
3,111271,710,-1,5,Calmed,Calmed,100,10649
3,111274,710,-1,5,Calmed,Calmed,100,10650
3,111276,710,-1,5,Calmed,Calmed,100,10651
3,111279,710,-1,5,Calmed,Calmed,100,10652
3,111281,710,-1,5,Calmed,Calmed,100,10653
3,111284,710,-1,5,Calmed,Calmed,100,10654
3,111287,710,-1,5,Calmed,Calmed,100,10655
3,111290,710,-1,5,Calmed,Calmed,100,10656
3,111292,710,-1,5,Calmed,Calmed,100,10657
3,111297,710,-1,5,Calmed,Calmed,100,10658
3,111299,710,-1,5,Calmed,Calmed,100,10659
3,111302,710,-1,5,Calmed,Calmed,100,10660
3,111305,710,-1,5,Calmed,Calmed,100,10661
3,111308,710,-1,5,Calmed,Calmed,100,10662
3,111312,710,-1,5,Calmed,Calmed,100,10663
3,111314,710,-1,5,Calmed,Calmed,100,10664
3,111317,710,-1,5,Calmed,Calmed,100,10665
3,111320,710,-1,5,Calmed,Calmed,100,10666
3,111323,710,-1,5,Calmed,Calmed,100,10667
3,111325,710,-1,5,Calmed,Calmed,100,10668
3,111328,710,-1,5,Calmed,Calmed,100,10669
3,111330,710,-1,5,Calmed,Calmed,100,10670
3,111333,710,-1,5,Calmed,Calmed,100,10671
3,111336,710,-1,5,Calmed,Calmed,100,10672
3,111339,710,-1,5,Calmed,Calmed,100,10673
3,111341,710,-1,5,Calmed,Calmed,100,10674
3,111346,710,-1,5,Calmed,Calmed,100,10675
3,111348,710,-1,5,Calmed,Calmed,100,10676
3,111351,710,-1,5,Calmed,Calmed,100,10677
3,111354,710,-1,5,Calmed,Calmed,100,10678
3,111357,710,-1,5,Calmed,Calmed,100,10679
3,111359,710,-1,5,Calmed,Calmed,100,10680
3,111361,710,-1,5,Calmed,Calmed,100,10681
3,111364,710,-1,5,Calmed,Calmed,100,10682
3,111366,710,-1,5,Calmed,Calmed,100,10683
3,111369,710,-1,5,Calmed,Calmed,100,10684
3,111372,710,-1,5,Calmed,Calmed,100,10685
3,111375,710,-1,5,Calmed,Calmed,100,10686
3,111377,710,-1,5,Calmed,Calmed,100,10687
3,111380,710,-1,5,Calmed,Calmed,100,10688
3,111382,710,-1,5,Calmed,Calmed,100,10689
3,111385,710,-1,5,Calmed,Calmed,100,10690
3,111388,710,-1,5,Calmed,Calmed,100,10691
3,111391,710,-1,5,Calmed,Calmed,100,10692
3,111393,710,-1,5,Calmed,Calmed,100,10693
3,111396,710,-1,5,Calmed,Calmed,100,10694
3,111398,710,-1,5,Calmed,Calmed,100,10695
3,111403,710,-1,5,Calmed,Calmed,100,10696
3,111406,710,-1,5,Calmed,Calmed,100,10697
3,111409,710,-1,5,Calmed,Calmed,100,10698
3,111411,710,-1,5,Calmed,Calmed,100,10699
3,111413,710,-1,5,Calmed,Calmed,100,10700
3,111418,710,-1,5,Calmed,Calmed,100,10701
3,111421,710,-1,5,Calmed,Calmed,100,10702
3,111424,710,-1,5,Calmed,Calmed,100,10703
3,111426,710,-1,5,Calmed,Calmed,100,10704
3,111429,710,-1,5,Calmed,Calmed,100,10705
3,111431,710,-1,5,Calmed,Calmed,100,10706
3,111434,710,-1,5,Calmed,Calmed,100,10707
3,111437,710,-1,5,Calmed,Calmed,100,10708
3,111440,710,-1,5,Calmed,Calmed,100,10709
3,111442,710,-1,5,Calmed,Calmed,100,10710
3,111445,710,-1,5,Calmed,Calmed,100,10711
3,111449,710,-1,5,Calmed,Calmed,100,10712
3,111452,710,-1,5,Calmed,Calmed,100,10713
3,111455,710,-1,5,Calmed,Calmed,100,10714
3,111458,710,-1,5,Calmed,Calmed,100,10715
3,111462,710,-1,5,Calmed,Calmed,100,10716
3,111464,710,-1,5,Calmed,Calmed,100,10717
3,111467,710,-1,5,Calmed,Calmed,100,10718
3,111470,710,-1,5,Calmed,Calmed,100,10719
3,111473,710,-1,5,Calmed,Calmed,100,10720
3,111475,710,-1,5,Calmed,Calmed,100,10721
3,111478,710,-1,5,Calmed,Calmed,100,10722
3,111480,710,-1,5,Calmed,Calmed,100,10723
3,111483,710,-1,5,Calmed,Calmed,100,10724
3,111485,710,-1,5,Calmed,Calmed,100,10725
3,111489,710,-1,5,Calmed,Calmed,100,10726
3,111491,710,-1,5,Calmed,Calmed,100,10727
3,111494,710,-1,5,Calmed,Calmed,100,10728
3,111496,710,-1,5,Calmed,Calmed,100,10729
3,111499,710,-1,5,Calmed,Calmed,100,10730
3,111501,710,-1,5,Calmed,Calmed,100,10731
3,111507,710,-1,5,Calmed,Calmed,100,10732
3,111509,710,-1,5,Calmed,Calmed,100,10733
3,111512,710,-1,5,Calmed,Calmed,100,10734
3,111514,710,-1,5,Calmed,Calmed,100,10735
3,111517,710,-1,5,Calmed,Calmed,100,10736
3,111520,710,-1,5,Calmed,Calmed,100,10737
3,111523,710,-1,5,Calmed,Calmed,100,10738
3,111526,710,-1,5,Calmed,Calmed,100,10739
3,111529,710,-1,5,Calmed,Calmed,100,10740
3,111532,710,-1,5,Calmed,Calmed,100,10741
3,111535,710,-1,5,Calmed,Calmed,100,10742
3,111538,710,-1,5,Calmed,Calmed,100,10743
3,111540,710,-1,5,Calmed,Calmed,100,10744
3,111543,710,-1,5,Calmed,Calmed,100,10745
3,111546,710,-1,5,Calmed,Calmed,100,10746
3,111549,710,-1,5,Calmed,Calmed,100,10747
3,111551,710,-1,5,Calmed,Calmed,100,10748
3,111556,710,-1,5,Calmed,Calmed,100,10749
3,111560,710,-1,5,Calmed,Calmed,100,10750
3,111563,710,-1,5,Calmed,Calmed,100,10751
3,111567,710,-1,5,Calmed,Calmed,100,10752
3,111570,710,-1,5,Calmed,Calmed,100,10753
3,111574,710,-1,5,Calmed,Calmed,100,10754
3,111577,710,-1,5,Calmed,Calmed,100,10755
3,111581,710,-1,5,Calmed,Calmed,100,10756
3,111584,710,-1,5,Calmed,Calmed,100,10757
3,111588,710,-1,5,Calmed,Calmed,100,10758
3,111591,710,-1,5,Calmed,Calmed,100,10759
3,111594,710,-1,5,Calmed,Calmed,100,10760
3,111597,710,-1,5,Calmed,Calmed,100,10761
3,111601,710,-1,5,Calmed,Calmed,100,10762
3,111604,710,-1,5,Calmed,Calmed,100,10763
3,111608,710,-1,5,Calmed,Calmed,100,10764
3,111611,710,-1,5,Calmed,Calmed,100,10765
3,111614,710,-1,5,Calmed,Calmed,100,10766
3,111618,710,-1,5,Calmed,Calmed,100,10767
3,111621,710,-1,5,Calmed,Calmed,100,10768
3,111625,710,-1,5,Calmed,Calmed,100,10769
3,111628,710,-1,5,Calmed,Calmed,100,10770
3,111631,710,-1,5,Calmed,Calmed,100,10771
3,111634,710,-1,5,Calmed,Calmed,100,10772
3,111638,710,-1,5,Calmed,Calmed,100,10773
3,111641,710,-1,5,Calmed,Calmed,100,10774
3,111645,710,-1,5,Calmed,Calmed,100,10775
3,111649,710,-1,5,Calmed,Calmed,100,10776
3,111652,710,-1,5,Calmed,Calmed,100,10777
3,111655,710,-1,5,Calmed,Calmed,100,10778
3,111659,710,-1,5,Calmed,Calmed,100,10779
3,111662,710,-1,5,Calmed,Calmed,100,10780
3,111665,710,-1,5,Calmed,Calmed,100,10781
3,111668,710,-1,5,Calmed,Calmed,100,10782
3,111672,710,-1,5,Calmed,Calmed,100,10783
3,111675,710,-1,5,Calmed,Calmed,100,10784
3,111678,710,-1,5,Calmed,Calmed,100,10785
3,111681,710,-1,5,Calmed,Calmed,100,10786
3,111684,710,-1,5,Calmed,Calmed,100,10787
3,111688,710,-1,5,Calmed,Calmed,100,10788
3,111691,710,-1,5,Calmed,Calmed,100,10789
3,111695,710,-1,5,Calmed,Calmed,100,10790
3,111698,710,-1,5,Calmed,Calmed,100,10791
3,111701,710,-1,5,Calmed,Calmed,100,10792
3,111704,710,-1,5,Calmed,Calmed,100,10793
3,111707,710,-1,5,Calmed,Calmed,100,10794
3,111711,710,-1,5,Calmed,Calmed,100,10795
3,111715,710,-1,5,Calmed,Calmed,100,10796
3,111718,710,-1,5,Calmed,Calmed,100,10797
3,111721,710,-1,5,Calmed,Calmed,100,10798
3,111724,710,-1,5,Calmed,Calmed,100,10799
3,111728,710,-1,5,Calmed,Calmed,100,10800
3,111731,710,-1,5,Calmed,Calmed,100,10801
3,111734,710,-1,5,Calmed,Calmed,100,10802
3,111738,710,-1,5,Calmed,Calmed,100,10803
3,111741,710,-1,5,Calmed,Calmed,100,10804
3,111745,710,-1,5,Calmed,Calmed,100,10805
3,111748,710,-1,5,Calmed,Calmed,100,10806
3,111751,710,-1,5,Calmed,Calmed,100,10807
3,111755,710,-1,5,Calmed,Calmed,100,10808
3,111758,710,-1,5,Calmed,Calmed,100,10809
3,111761,710,-1,5,Calmed,Calmed,100,10810
3,111764,710,-1,5,Calmed,Calmed,100,10811
3,111767,710,-1,5,Calmed,Calmed,100,10812
3,111771,710,-1,5,Calmed,Calmed,100,10813
3,111774,710,-1,5,Calmed,Calmed,100,10814
3,111777,710,-1,5,Calmed,Calmed,100,10815
3,111780,710,-1,5,Calmed,Calmed,100,10816
3,111783,710,-1,5,Calmed,Calmed,100,10817
3,111787,710,-1,5,Calmed,Calmed,100,10818
3,111790,710,-1,5,Calmed,Calmed,100,10819
3,111793,710,-1,5,Calmed,Calmed,100,10820
3,111797,710,-1,5,Calmed,Calmed,100,10821
3,111800,710,-1,5,Calmed,Calmed,100,10822
3,111803,710,-1,5,Calmed,Calmed,100,10823
3,111806,710,-1,5,Calmed,Calmed,100,10824
3,111809,710,-1,5,Calmed,Calmed,100,10825
3,111813,710,-1,5,Calmed,Calmed,100,10826
3,111816,710,-1,5,Calmed,Calmed,100,10827
3,111820,710,-1,5,Calmed,Calmed,100,10828
3,111823,710,-1,5,Calmed,Calmed,100,10829
3,111826,710,-1,5,Calmed,Calmed,100,10830
3,111829,710,-1,5,Calmed,Calmed,100,10831
3,111832,710,-1,5,Calmed,Calmed,100,10832
3,111836,710,-1,5,Calmed,Calmed,100,10833
3,111839,710,-1,5,Calmed,Calmed,100,10834
3,111842,710,-1,5,Calmed,Calmed,100,10835
3,111845,710,-1,5,Calmed,Calmed,100,10836
3,111848,710,-1,5,Calmed,Calmed,100,10837
3,111852,710,-1,5,Calmed,Calmed,100,10838
3,111855,710,-1,5,Calmed,Calmed,100,10839
3,111858,710,-1,5,Calmed,Calmed,100,10840
3,111861,710,-1,5,Calmed,Calmed,100,10841
3,111865,710,-1,5,Calmed,Calmed,100,10842
3,111868,710,-1,5,Calmed,Calmed,100,10843
3,111872,710,-1,5,Calmed,Calmed,100,10844
3,111875,710,-1,5,Calmed,Calmed,100,10845
3,111879,710,-1,5,Calmed,Calmed,100,10846
3,111883,710,-1,5,Calmed,Calmed,100,10847
3,111886,710,-1,5,Calmed,Calmed,100,10848
3,111889,710,-1,5,Calmed,Calmed,100,10849
3,111892,710,-1,5,Calmed,Calmed,100,10850
3,111896,710,-1,5,Calmed,Calmed,100,10851
3,111899,710,-1,5,Calmed,Calmed,100,10852
3,111902,710,-1,5,Calmed,Calmed,100,10853
3,111905,710,-1,5,Calmed,Calmed,100,10854
3,111908,710,-1,5,Calmed,Calmed,100,10855
3,111911,710,-1,5,Calmed,Calmed,100,10856
3,111914,710,-1,5,Calmed,Calmed,100,10857
3,111917,710,-1,5,Calmed,Calmed,100,10858
3,111921,710,-1,5,Calmed,Calmed,100,10859
3,111924,710,-1,5,Calmed,Calmed,100,10860
3,111927,710,-1,5,Calmed,Calmed,100,10861
3,111931,710,-1,5,Calmed,Calmed,100,10862
3,111934,710,-1,5,Calmed,Calmed,100,10863
3,111938,710,-1,5,Calmed,Calmed,100,10864
3,111941,710,-1,5,Calmed,Calmed,100,10865
3,111944,710,-1,5,Calmed,Calmed,100,10866
3,111948,710,-1,5,Calmed,Calmed,100,10867
3,111951,710,-1,5,Calmed,Calmed,100,10868
3,111955,710,-1,5,Calmed,Calmed,100,10869
3,111958,710,-1,5,Calmed,Calmed,100,10870
3,111961,710,-1,5,Calmed,Calmed,100,10871
3,111965,710,-1,5,Calmed,Calmed,100,10872
3,111968,710,-1,5,Calmed,Calmed,100,10873
3,111971,710,-1,5,Calmed,Calmed,100,10874
3,111974,710,-1,5,Calmed,Calmed,100,10875
3,111977,710,-1,5,Calmed,Calmed,100,10876
3,111980,710,-1,5,Calmed,Calmed,100,10877
3,111983,710,-1,5,Calmed,Calmed,100,10878
3,111987,710,-1,5,Calmed,Calmed,100,10879
3,111990,710,-1,5,Calmed,Calmed,100,10880
3,111993,710,-1,5,Calmed,Calmed,100,10881
3,111997,710,-1,5,Calmed,Calmed,100,10882
3,112000,710,-1,5,Calmed,Calmed,100,10883
3,112003,710,-1,5,Calmed,Calmed,100,10884
3,112007,710,-1,5,Calmed,Calmed,100,10885
3,112010,710,-1,5,Calmed,Calmed,100,10886
3,112013,710,-1,5,Calmed,Calmed,100,10887
3,112016,710,-1,5,Calmed,Calmed,100,10888
3,112020,710,-1,5,Calmed,Calmed,100,10889
3,112023,710,-1,5,Calmed,Calmed,100,10890
3,112026,710,-1,5,Calmed,Calmed,100,10891
3,112029,710,-1,5,Calmed,Calmed,100,10892
3,112032,710,-1,5,Calmed,Calmed,100,10893
3,112036,710,-1,5,Calmed,Calmed,100,10894
3,112039,710,-1,5,Calmed,Calmed,100,10895
3,112043,710,-1,5,Calmed,Calmed,100,10896
3,112046,710,-1,5,Calmed,Calmed,100,10897
3,112049,710,-1,5,Calmed,Calmed,100,10898
3,112053,710,-1,5,Calmed,Calmed,100,10899
3,112056,710,-1,5,Calmed,Calmed,100,10900
3,112059,710,-1,5,Calmed,Calmed,100,10901
3,112062,710,-1,5,Calmed,Calmed,100,10902
3,112066,710,-1,5,Calmed,Calmed,100,10903
3,112069,710,-1,5,Calmed,Calmed,100,10904
3,112072,710,-1,5,Calmed,Calmed,100,10905
3,112076,710,-1,5,Calmed,Calmed,100,10906
3,112079,710,-1,5,Calmed,Calmed,100,10907
3,112083,710,-1,5,Calmed,Calmed,100,10908
3,112086,710,-1,5,Calmed,Calmed,100,10909
3,112089,710,-1,5,Calmed,Calmed,100,10910
3,112092,710,-1,5,Calmed,Calmed,100,10911
3,112096,710,-1,5,Calmed,Calmed,100,10912
3,112099,710,-1,5,Calmed,Calmed,100,10913
3,112102,710,-1,5,Calmed,Calmed,100,10914
3,112105,710,-1,5,Calmed,Calmed,100,10915
3,112108,710,-1,5,Calmed,Calmed,100,10916
3,112111,710,-1,5,Calmed,Calmed,100,10917
3,112114,710,-1,5,Calmed,Calmed,100,10918
3,112117,710,-1,5,Calmed,Calmed,100,10919
3,112121,710,-1,5,Calmed,Calmed,100,10920
3,112124,710,-1,5,Calmed,Calmed,100,10921
3,112127,710,-1,5,Calmed,Calmed,100,10922
3,112131,710,-1,5,Calmed,Calmed,100,10923
3,112134,710,-1,5,Calmed,Calmed,100,10924
3,112138,710,-1,5,Calmed,Calmed,100,10925
3,112141,710,-1,5,Calmed,Calmed,100,10926
3,112145,710,-1,5,Calmed,Calmed,100,10927
3,112148,710,-1,5,Calmed,Calmed,100,10928
3,112151,710,-1,5,Calmed,Calmed,100,10929
3,112155,710,-1,5,Calmed,Calmed,100,10930
3,112159,710,-1,5,Calmed,Calmed,100,10931
3,112162,710,-1,5,Calmed,Calmed,100,10932
3,112165,710,-1,5,Calmed,Calmed,100,10933
3,112168,710,-1,5,Calmed,Calmed,100,10934
3,112171,710,-1,5,Calmed,Calmed,100,10935
3,112174,710,-1,5,Calmed,Calmed,100,10936
3,112177,710,-1,5,Calmed,Calmed,100,10937
3,112181,710,-1,5,Calmed,Calmed,100,10938
3,112184,710,-1,5,Calmed,Calmed,100,10939
3,112187,710,-1,5,Calmed,Calmed,100,10940
3,112190,710,-1,5,Calmed,Calmed,100,10941
3,112194,710,-1,5,Calmed,Calmed,100,10942
3,112197,710,-1,5,Calmed,Calmed,100,10943
3,112201,710,-1,5,Calmed,Calmed,100,10944
3,112205,710,-1,5,Calmed,Calmed,100,10945
3,112208,710,-1,5,Calmed,Calmed,100,10946
3,112212,710,-1,5,Calmed,Calmed,100,10947
3,112216,710,-1,5,Calmed,Calmed,100,10948
3,112219,710,-1,5,Calmed,Calmed,100,10949
3,112223,710,-1,5,Calmed,Calmed,100,10950
3,112226,710,-1,5,Calmed,Calmed,100,10951
3,112229,710,-1,5,Calmed,Calmed,100,10952
3,112233,710,-1,5,Calmed,Calmed,100,10953
3,112237,710,-1,5,Calmed,Calmed,100,10954
3,112241,710,-1,5,Calmed,Calmed,100,10955
3,112245,710,-1,5,Calmed,Calmed,100,10956
3,112248,710,-1,5,Calmed,Calmed,100,10957
3,112252,710,-1,5,Calmed,Calmed,100,10958
3,112256,710,-1,5,Calmed,Calmed,100,10959
3,112259,710,-1,5,Calmed,Calmed,100,10960
3,112263,710,-1,5,Calmed,Calmed,100,10961
3,112265,710,-1,5,Calmed,Calmed,100,10962
3,112269,710,-1,5,Calmed,Calmed,100,10963
3,112272,710,-1,5,Calmed,Calmed,100,10964
3,112275,710,-1,5,Calmed,Calmed,100,10965
3,112278,710,-1,5,Calmed,Calmed,100,10966
3,112281,710,-1,5,Calmed,Calmed,100,10967
3,112284,710,-1,5,Calmed,Calmed,100,10968
3,112287,710,-1,5,Calmed,Calmed,100,10969
3,112290,710,-1,5,Calmed,Calmed,100,10970
3,112294,710,-1,5,Calmed,Calmed,100,10971
3,112297,710,-1,5,Calmed,Calmed,100,10972
3,112300,710,-1,5,Calmed,Calmed,100,10973
3,112304,710,-1,5,Calmed,Calmed,100,10974
3,112307,710,-1,5,Calmed,Calmed,100,10975
3,112310,710,-1,5,Calmed,Calmed,100,10976
3,112313,710,-1,5,Calmed,Calmed,100,10977
3,112316,710,-1,5,Calmed,Calmed,100,10978
3,112319,710,0,5,Calmed,Calmed,100,10979
3,112323,710,0,5,Calmed,Calmed,100,10980
3,112326,710,0,5,Calmed,Calmed,100,10981
3,112329,710,0,5,Calmed,Calmed,100,10982
3,112332,710,0,5,Calmed,Calmed,100,10983
3,112335,710,0,5,Calmed,Calmed,100,10984
3,112338,710,0,5,Calmed,Calmed,100,10985
3,112341,710,0,5,Calmed,Calmed,100,10986
3,112344,710,0,5,Calmed,Calmed,100,10987
3,112347,710,0,5,Calmed,Calmed,100,10988
3,112350,710,0,5,Calmed,Calmed,100,10989
3,112353,710,0,5,Calmed,Calmed,100,10990
3,112356,710,0,5,Calmed,Calmed,100,10991
3,112359,710,0,5,Calmed,Calmed,100,10992
3,112362,710,0,5,Calmed,Calmed,100,10993
3,112365,710,0,5,Calmed,Calmed,100,10994
3,112368,710,-1,5,Calmed,Calmed,100,10995
3,112372,710,-1,5,Calmed,Calmed,100,10996
3,112375,710,-1,5,Calmed,Calmed,100,10997
3,112377,710,-1,5,Calmed,Calmed,100,10998
3,112380,710,-1,5,Calmed,Calmed,100,10999
3,112384,710,-1,5,Calmed,Calmed,100,11000
3,112387,710,-1,5,Calmed,Calmed,100,11001
3,112390,710,-1,5,Calmed,Calmed,100,11002
3,112393,710,-1,5,Calmed,Calmed,100,11003
3,112396,710,-1,5,Calmed,Calmed,100,11004
3,112399,710,-1,5,Calmed,Calmed,100,11005
3,112402,710,-1,5,Calmed,Calmed,100,11006
3,112405,710,-1,5,Calmed,Calmed,100,11007
3,112408,710,-1,5,Calmed,Calmed,100,11008
3,112412,710,-1,5,Calmed,Calmed,100,11009
3,112414,710,-1,5,Calmed,Calmed,100,11010
3,112417,710,-1,5,Calmed,Calmed,100,11011
3,112421,710,-1,5,Calmed,Calmed,100,11012
3,112424,710,-1,5,Calmed,Calmed,100,11013
3,112427,710,-1,5,Calmed,Calmed,100,11014
3,112430,710,-1,5,Calmed,Calmed,100,11015
3,112433,710,-1,5,Calmed,Calmed,100,11016
3,112436,710,-1,5,Calmed,Calmed,100,11017
3,112439,710,-1,5,Calmed,Calmed,100,11018
3,112442,710,-1,5,Calmed,Calmed,100,11019
3,112445,710,-1,5,Calmed,Calmed,100,11020
3,112448,710,-1,5,Calmed,Calmed,100,11021
3,112451,710,-1,5,Calmed,Calmed,100,11022
3,112455,710,-1,5,Calmed,Calmed,100,11023
3,112458,710,-1,5,Calmed,Calmed,100,11024
3,112461,710,-1,5,Calmed,Calmed,100,11025
3,112464,710,-1,5,Calmed,Calmed,100,11026
3,112467,710,-1,5,Calmed,Calmed,100,11027
3,112470,710,-1,5,Calmed,Calmed,100,11028
3,112473,710,-1,5,Calmed,Calmed,100,11029
3,112476,710,-1,5,Calmed,Calmed,100,11030
3,112479,710,-1,5,Calmed,Calmed,100,11031
3,112482,710,-1,5,Calmed,Calmed,100,11032
3,112485,710,-1,5,Calmed,Calmed,100,11033
3,112489,710,-1,5,Calmed,Calmed,100,11034
3,112492,710,-1,5,Calmed,Calmed,100,11035
3,112495,710,-1,5,Calmed,Calmed,100,11036
3,112499,710,-1,5,Calmed,Calmed,100,11037
3,112502,710,-1,5,Calmed,Calmed,100,11038
3,112506,710,-1,5,Calmed,Calmed,100,11039
3,112509,710,-1,5,Calmed,Calmed,100,11040
3,112513,710,-1,5,Calmed,Calmed,100,11041
3,112516,710,-1,5,Calmed,Calmed,100,11042
3,112520,710,-1,5,Calmed,Calmed,100,11043
3,112524,710,-1,5,Calmed,Calmed,100,11044
3,112527,710,-1,5,Calmed,Calmed,100,11045
3,112531,710,-1,5,Calmed,Calmed,100,11046
3,112534,710,-1,5,Calmed,Calmed,100,11047
3,112538,710,-1,5,Calmed,Calmed,100,11048
3,112541,710,-1,5,Calmed,Calmed,100,11049
3,112545,710,-1,5,Calmed,Calmed,100,11050
3,112549,710,-1,5,Calmed,Calmed,100,11051
3,112552,710,-1,5,Calmed,Calmed,100,11052
3,112556,710,-1,5,Calmed,Calmed,100,11053
3,112559,710,-1,5,Calmed,Calmed,100,11054
3,112563,710,-1,5,Calmed,Calmed,100,11055
3,112566,710,-1,5,Calmed,Calmed,100,11056
3,112570,710,-1,5,Calmed,Calmed,100,11057
3,112573,710,-1,5,Calmed,Calmed,100,11058
3,112576,710,-1,5,Calmed,Calmed,100,11059
3,112579,710,-1,5,Calmed,Calmed,100,11060
3,112582,710,-1,5,Calmed,Calmed,100,11061
3,112586,710,-1,5,Calmed,Calmed,100,11062
3,112589,710,-1,5,Calmed,Calmed,100,11063
3,112592,710,-1,5,Calmed,Calmed,100,11064
3,112595,710,-1,5,Calmed,Calmed,100,11065
3,112598,710,-1,5,Calmed,Calmed,100,11066
3,112602,710,-1,5,Calmed,Calmed,100,11067
3,112605,710,-1,5,Calmed,Calmed,100,11068
3,112608,710,-1,5,Calmed,Calmed,100,11069
3,112611,710,-1,5,Calmed,Calmed,100,11070
3,112614,710,-1,5,Calmed,Calmed,100,11071
3,112617,710,-1,5,Calmed,Calmed,100,11072
3,112620,710,-1,5,Calmed,Calmed,100,11073
3,112623,710,-1,5,Calmed,Calmed,100,11074
3,112626,710,-1,5,Calmed,Calmed,100,11075
3,112629,710,-1,5,Calmed,Calmed,100,11076
3,112632,710,-1,5,Calmed,Calmed,100,11077
3,112635,710,-1,5,Calmed,Calmed,100,11078
3,112638,710,-1,5,Calmed,Calmed,100,11079
3,112642,710,-1,5,Calmed,Calmed,100,11080
3,112645,710,-1,5,Calmed,Calmed,100,11081
3,112648,710,-1,5,Calmed,Calmed,100,11082
3,112650,710,-1,5,Calmed,Calmed,100,11083
3,112654,710,-1,5,Calmed,Calmed,100,11084
3,112657,710,-1,5,Calmed,Calmed,100,11085
3,112659,710,-1,5,Calmed,Calmed,100,11086
3,112663,710,-1,5,Calmed,Calmed,100,11087
3,112666,710,-1,5,Calmed,Calmed,100,11088
3,112669,710,-1,5,Calmed,Calmed,100,11089
3,112672,710,-1,5,Calmed,Calmed,100,11090
3,112675,710,0,5,Calmed,Calmed,100,11091
3,112677,710,0,5,Calmed,Calmed,100,11092
3,112681,710,0,5,Calmed,Calmed,100,11093
3,112684,710,0,5,Calmed,Calmed,100,11094
3,112687,710,0,5,Calmed,Calmed,100,11095
3,112690,710,0,5,Calmed,Calmed,100,11096
3,112693,710,0,5,Calmed,Calmed,100,11097
3,112696,710,0,5,Calmed,Calmed,100,11098
3,112699,710,0,5,Calmed,Calmed,100,11099
3,112702,710,0,5,Calmed,Calmed,100,11100
3,112705,710,0,5,Calmed,Calmed,100,11101
3,112708,710,0,5,Calmed,Calmed,100,11102
3,112711,710,0,5,Calmed,Calmed,100,11103
3,112714,710,0,5,Calmed,Calmed,100,11104
3,112717,710,0,5,Calmed,Calmed,100,11105
3,112720,710,0,5,Calmed,Calmed,100,11106
3,112723,710,0,5,Calmed,Calmed,100,11107
3,112726,710,0,5,Calmed,Calmed,100,11108
3,112729,710,0,5,Calmed,Calmed,100,11109
3,112732,710,0,5,Calmed,Calmed,100,11110
3,112736,710,0,5,Calmed,Calmed,100,11111
3,112739,710,0,5,Calmed,Calmed,100,11112
3,112742,710,0,5,Calmed,Calmed,100,11113
3,112745,710,0,5,Calmed,Calmed,100,11114
3,112748,710,0,5,Calmed,Calmed,100,11115
3,112751,710,0,5,Calmed,Calmed,100,11116
3,112755,710,0,5,Calmed,Calmed,100,11117
3,112759,710,0,5,Calmed,Calmed,100,11118
3,112764,710,0,5,Calmed,Calmed,100,11119
3,112769,710,0,5,Calmed,Calmed,100,11120
3,112772,710,0,5,Calmed,Calmed,100,11121
3,112775,710,0,5,Calmed,Calmed,100,11122
3,112778,710,0,5,Calmed,Calmed,100,11123
3,112780,710,0,5,Calmed,Calmed,100,11124
3,112782,710,0,5,Calmed,Calmed,100,11125
3,112784,710,0,5,Calmed,Calmed,100,11126
3,112787,710,0,5,Calmed,Calmed,100,11127
3,112790,710,0,5,Calmed,Calmed,100,11128
3,112792,710,0,5,Calmed,Calmed,100,11129
3,112794,710,0,5,Calmed,Calmed,100,11130
3,112797,710,0,5,Calmed,Calmed,100,11131
3,112799,710,0,5,Calmed,Calmed,100,11132
3,112802,710,0,5,Calmed,Calmed,100,11133
3,112805,710,0,5,Calmed,Calmed,100,11134
3,112808,710,0,5,Calmed,Calmed,100,11135
3,112811,710,0,5,Calmed,Calmed,100,11136
3,112814,710,0,5,Calmed,Calmed,100,11137
3,112817,710,0,5,Calmed,Calmed,100,11138
3,112820,710,0,5,Calmed,Calmed,100,11139
3,112823,710,0,5,Calmed,Calmed,100,11140
3,112826,710,0,5,Calmed,Calmed,100,11141
3,112830,710,-1,5,Calmed,Calmed,100,11142
3,112833,710,-1,5,Calmed,Calmed,100,11143
3,112836,710,-1,5,Calmed,Calmed,100,11144
3,112839,710,-1,5,Calmed,Calmed,100,11145
3,112841,710,-1,5,Calmed,Calmed,100,11146
3,112843,710,-1,5,Calmed,Calmed,100,11147
3,112846,710,-1,5,Calmed,Calmed,100,11148
3,112848,710,-1,5,Calmed,Calmed,100,11149
3,112850,710,-1,5,Calmed,Calmed,100,11150
3,112853,710,-1,5,Calmed,Calmed,100,11151
3,112855,710,-1,5,Calmed,Calmed,100,11152
3,112858,710,-1,5,Calmed,Calmed,100,11153
3,112861,710,-1,5,Calmed,Calmed,100,11154
3,112863,710,-1,5,Calmed,Calmed,100,11155
3,112865,710,-1,5,Calmed,Calmed,100,11156
3,112868,710,-1,5,Calmed,Calmed,100,11157
3,112871,710,-1,5,Calmed,Calmed,100,11158
3,112874,710,-1,5,Calmed,Calmed,100,11159
3,112876,710,-1,5,Calmed,Calmed,100,11160
3,112879,710,0,5,Calmed,Calmed,100,11161
3,112881,710,0,5,Calmed,Calmed,100,11162
3,112886,710,0,5,Calmed,Calmed,100,11163
3,112889,710,0,5,Calmed,Calmed,100,11164
3,112891,710,0,5,Calmed,Calmed,100,11165
3,112894,710,0,5,Calmed,Calmed,100,11166
3,112896,710,0,5,Calmed,Calmed,100,11167
3,112899,710,0,5,Calmed,Calmed,100,11168
3,112904,710,0,5,Calmed,Calmed,100,11169
3,112907,710,0,5,Calmed,Calmed,100,11170
3,112909,710,0,5,Calmed,Calmed,100,11171
3,112912,710,0,5,Calmed,Calmed,100,11172
3,112914,710,0,5,Calmed,Calmed,100,11173
3,112917,710,0,5,Calmed,Calmed,100,11174
3,112920,710,0,5,Calmed,Calmed,100,11175
3,112923,710,0,5,Calmed,Calmed,100,11176
3,112925,710,0,5,Calmed,Calmed,100,11177
3,112927,710,0,5,Calmed,Calmed,100,11178
3,112930,710,0,5,Calmed,Calmed,100,11179
3,112933,710,0,5,Calmed,Calmed,100,11180
3,112936,710,0,5,Calmed,Calmed,100,11181
3,112940,710,0,5,Calmed,Calmed,100,11182
3,112943,710,0,5,Calmed,Calmed,100,11183
3,112945,710,0,5,Calmed,Calmed,100,11184
3,112948,710,0,5,Calmed,Calmed,100,11185
3,112950,710,0,5,Calmed,Calmed,100,11186
3,112953,710,0,5,Calmed,Calmed,100,11187
3,112956,710,0,5,Calmed,Calmed,100,11188
3,112959,710,0,5,Calmed,Calmed,100,11189
3,112961,710,0,5,Calmed,Calmed,100,11190
3,112966,710,0,5,Calmed,Calmed,100,11191
3,112968,710,0,5,Calmed,Calmed,100,11192
3,112971,710,0,5,Calmed,Calmed,100,11193
3,112974,710,0,5,Calmed,Calmed,100,11194
3,112976,710,0,5,Calmed,Calmed,100,11195
3,112979,710,0,5,Calmed,Calmed,100,11196
3,112981,710,0,5,Calmed,Calmed,100,11197
3,112984,710,0,5,Calmed,Calmed,100,11198
3,112990,710,-1,5,Calmed,Calmed,100,11199
3,112992,710,-1,5,Calmed,Calmed,100,11200
3,112995,710,-1,5,Calmed,Calmed,100,11201
3,112997,710,-1,5,Calmed,Calmed,100,11202
3,112999,710,-1,5,Calmed,Calmed,100,11203
3,113002,710,-1,5,Calmed,Calmed,100,11204
3,113005,710,-1,5,Calmed,Calmed,100,11205
3,113008,710,-1,5,Calmed,Calmed,100,11206
3,113010,710,-1,5,Calmed,Calmed,100,11207
3,113015,710,-1,5,Calmed,Calmed,100,11208
3,113017,710,-1,5,Calmed,Calmed,100,11209
3,113020,710,-1,5,Calmed,Calmed,100,11210
3,113023,710,-1,5,Calmed,Calmed,100,11211
3,113026,710,-1,5,Calmed,Calmed,100,11212
3,113028,710,-1,5,Calmed,Calmed,100,11213
3,113031,710,-1,5,Calmed,Calmed,100,11214
3,113033,710,-1,5,Calmed,Calmed,100,11215
3,113036,710,0,5,Calmed,Calmed,100,11216
3,113041,710,0,5,Calmed,Calmed,100,11217
3,113043,710,0,5,Calmed,Calmed,100,11218
3,113046,710,0,5,Calmed,Calmed,100,11219
3,113048,710,0,5,Calmed,Calmed,100,11220
3,113051,710,0,5,Calmed,Calmed,100,11221
3,113055,710,0,5,Calmed,Calmed,100,11222
3,113057,710,0,5,Calmed,Calmed,100,11223
3,113061,710,0,5,Calmed,Calmed,100,11224
3,113064,710,0,5,Calmed,Calmed,100,11225
3,113066,710,0,5,Calmed,Calmed,100,11226
3,113069,710,0,5,Calmed,Calmed,100,11227
3,113072,710,0,5,Calmed,Calmed,100,11228
3,113075,710,0,5,Calmed,Calmed,100,11229
3,113077,710,0,5,Calmed,Calmed,100,11230
3,113080,710,0,5,Calmed,Calmed,100,11231
3,113082,710,0,5,Calmed,Calmed,100,11232
3,113085,710,0,5,Calmed,Calmed,100,11233
3,113088,710,0,5,Calmed,Calmed,100,11234
3,113091,710,0,5,Calmed,Calmed,100,11235
3,113095,710,0,5,Calmed,Calmed,100,11236
3,113097,710,0,5,Calmed,Calmed,100,11237
3,113100,710,0,5,Calmed,Calmed,100,11238
3,113103,710,0,5,Calmed,Calmed,100,11239
3,113106,710,0,5,Calmed,Calmed,100,11240
3,113108,710,0,5,Calmed,Calmed,100,11241
3,113111,710,0,5,Calmed,Calmed,100,11242
3,113113,710,0,5,Calmed,Calmed,100,11243
3,113116,710,0,5,Calmed,Calmed,100,11244
3,113119,710,0,5,Calmed,Calmed,100,11245
3,113122,710,0,5,Calmed,Calmed,100,11246
3,113124,710,0,5,Calmed,Calmed,100,11247
3,113127,710,0,5,Calmed,Calmed,100,11248
3,113129,710,0,5,Calmed,Calmed,100,11249
3,113132,710,0,5,Calmed,Calmed,100,11250
3,113135,710,0,5,Calmed,Calmed,100,11251
3,113138,710,0,5,Calmed,Calmed,100,11252
3,113142,710,0,5,Calmed,Calmed,100,11253
3,113145,710,0,5,Calmed,Calmed,100,11254
3,113147,710,0,5,Calmed,Calmed,100,11255
3,113150,710,0,5,Calmed,Calmed,100,11256
3,113153,710,0,5,Calmed,Calmed,100,11257
3,113156,710,0,5,Calmed,Calmed,100,11258
3,113158,710,0,5,Calmed,Calmed,100,11259
3,113161,710,0,5,Calmed,Calmed,100,11260
3,113163,710,0,5,Calmed,Calmed,100,11261
3,113166,710,0,5,Calmed,Calmed,100,11262
3,113168,710,0,5,Calmed,Calmed,100,11263
3,113172,710,0,5,Calmed,Calmed,100,11264
3,113174,710,0,5,Calmed,Calmed,100,11265
3,113177,710,0,5,Calmed,Calmed,100,11266
3,113179,710,0,5,Calmed,Calmed,100,11267
3,113182,710,0,5,Calmed,Calmed,100,11268
3,113184,710,0,5,Calmed,Calmed,100,11269
3,113187,710,0,5,Calmed,Calmed,100,11270
3,113191,710,0,5,Calmed,Calmed,100,11271
3,113194,710,0,5,Calmed,Calmed,100,11272
3,113196,710,0,5,Calmed,Calmed,100,11273
3,113200,710,0,5,Calmed,Calmed,100,11274
3,113203,710,0,5,Calmed,Calmed,100,11275
3,113206,710,0,5,Calmed,Calmed,100,11276
3,113208,710,0,5,Calmed,Calmed,100,11277
3,113211,710,0,5,Calmed,Calmed,100,11278
3,113213,710,0,5,Calmed,Calmed,100,11279
3,113216,710,0,5,Calmed,Calmed,100,11280
3,113219,710,0,5,Calmed,Calmed,100,11281
3,113222,710,0,5,Calmed,Calmed,100,11282
3,113225,710,0,5,Calmed,Calmed,100,11283
3,113228,710,0,5,Calmed,Calmed,100,11284
3,113230,710,0,5,Calmed,Calmed,100,11285
3,113233,710,0,5,Calmed,Calmed,100,11286
3,113236,710,0,5,Calmed,Calmed,100,11287
3,113239,710,0,5,Calmed,Calmed,100,11288
3,113241,710,0,5,Calmed,Calmed,100,11289
3,113244,710,0,5,Calmed,Calmed,100,11290
3,113248,710,0,5,Calmed,Calmed,100,11291
3,113250,710,0,5,Calmed,Calmed,100,11292
3,113253,710,0,5,Calmed,Calmed,100,11293
3,113256,710,0,5,Calmed,Calmed,100,11294
3,113258,710,0,5,Calmed,Calmed,100,11295
3,113261,710,0,5,Calmed,Calmed,100,11296
3,113263,710,0,5,Calmed,Calmed,100,11297
3,113266,710,0,5,Calmed,Calmed,100,11298
3,113269,710,0,5,Calmed,Calmed,100,11299
3,113272,710,0,5,Calmed,Calmed,100,11300
3,113274,710,0,5,Calmed,Calmed,100,11301
3,113277,710,0,5,Calmed,Calmed,100,11302
3,113279,710,0,5,Calmed,Calmed,100,11303
3,113282,710,0,5,Calmed,Calmed,100,11304
3,113284,710,0,5,Calmed,Calmed,100,11305
3,113287,710,0,5,Calmed,Calmed,100,11306
3,113290,710,0,5,Calmed,Calmed,100,11307
3,113293,710,0,5,Calmed,Calmed,100,11308
3,113295,710,0,5,Calmed,Calmed,100,11309
3,113298,710,0,5,Calmed,Calmed,100,11310
3,113303,710,0,5,Calmed,Calmed,100,11311
3,113306,710,0,5,Calmed,Calmed,100,11312
3,113308,710,0,5,Calmed,Calmed,100,11313
3,113310,710,0,5,Calmed,Calmed,100,11314
3,113313,710,0,5,Calmed,Calmed,100,11315
3,113317,710,0,5,Calmed,Calmed,100,11316
3,113320,710,0,5,Calmed,Calmed,100,11317
3,113323,710,0,5,Calmed,Calmed,100,11318
3,113326,710,0,5,Calmed,Calmed,100,11319
3,113328,710,0,5,Calmed,Calmed,100,11320
3,113331,710,0,5,Calmed,Calmed,100,11321
3,113333,710,0,5,Calmed,Calmed,100,11322
3,113336,710,0,5,Calmed,Calmed,100,11323
3,113339,710,0,5,Calmed,Calmed,100,11324
3,113342,710,0,5,Calmed,Calmed,100,11325
3,113344,710,0,5,Calmed,Calmed,100,11326
3,113347,710,0,5,Calmed,Calmed,100,11327
3,113351,710,0,5,Calmed,Calmed,100,11328
3,113355,710,0,5,Calmed,Calmed,100,11329
3,113357,710,0,5,Calmed,Calmed,100,11330
3,113360,710,0,5,Calmed,Calmed,100,11331
3,113362,710,0,5,Calmed,Calmed,100,11332
3,113366,710,0,5,Calmed,Calmed,100,11333
3,113369,710,0,5,Calmed,Calmed,100,11334
3,113373,710,0,5,Calmed,Calmed,100,11335
3,113375,710,0,5,Calmed,Calmed,100,11336
3,113378,710,0,5,Calmed,Calmed,100,11337
3,113380,710,0,5,Calmed,Calmed,100,11338
3,113382,710,0,5,Calmed,Calmed,100,11339
3,113385,710,0,5,Calmed,Calmed,100,11340
3,113388,710,0,5,Calmed,Calmed,100,11341
3,113391,710,0,5,Calmed,Calmed,100,11342
3,113393,710,0,5,Calmed,Calmed,100,11343
3,113396,710,0,5,Calmed,Calmed,100,11344
3,113398,710,0,5,Calmed,Calmed,100,11345
3,113401,710,0,5,Calmed,Calmed,100,11346
3,113406,710,0,5,Calmed,Calmed,100,11347
3,113409,710,0,5,Calmed,Calmed,100,11348
3,113411,710,0,5,Calmed,Calmed,100,11349
3,113414,710,0,5,Calmed,Calmed,100,11350
3,113416,710,0,5,Calmed,Calmed,100,11351
3,113419,710,0,5,Calmed,Calmed,100,11352
3,113422,710,0,5,Calmed,Calmed,100,11353
3,113424,710,0,5,Calmed,Calmed,100,11354
3,113427,710,0,5,Calmed,Calmed,100,11355
3,113431,710,0,5,Calmed,Calmed,100,11356
3,113434,710,0,5,Calmed,Calmed,100,11357
3,113437,710,0,5,Calmed,Calmed,100,11358
3,113440,710,0,5,Calmed,Calmed,100,11359
3,113443,710,0,5,Calmed,Calmed,100,11360
3,113445,710,0,5,Calmed,Calmed,100,11361
3,113447,710,0,5,Calmed,Calmed,100,11362
3,113450,710,0,5,Calmed,Calmed,100,11363
3,113455,710,0,5,Calmed,Calmed,100,11364
3,113458,710,0,5,Calmed,Calmed,100,11365
3,113460,710,0,5,Calmed,Calmed,100,11366
3,113463,710,0,5,Calmed,Calmed,100,11367
3,113465,710,0,5,Calmed,Calmed,100,11368
3,113468,710,0,5,Calmed,Calmed,100,11369
3,113471,710,0,5,Calmed,Calmed,100,11370
3,113474,710,0,5,Calmed,Calmed,100,11371
3,113478,710,0,5,Calmed,Calmed,100,11372
3,113480,710,0,5,Calmed,Calmed,100,11373
3,113483,710,0,5,Calmed,Calmed,100,11374
3,113485,710,0,5,Calmed,Calmed,100,11375
3,113489,710,0,5,Calmed,Calmed,100,11376
3,113491,710,0,5,Calmed,Calmed,100,11377
3,113494,710,0,5,Calmed,Calmed,100,11378
3,113496,710,0,5,Calmed,Calmed,100,11379
3,113498,710,0,5,Calmed,Calmed,100,11380
3,113503,710,0,5,Calmed,Calmed,100,11381
3,113507,710,0,5,Calmed,Calmed,100,11382
3,113509,710,0,5,Calmed,Calmed,100,11383
3,113511,710,0,5,Calmed,Calmed,100,11384
3,113514,710,0,5,Calmed,Calmed,100,11385
3,113516,710,0,5,Calmed,Calmed,100,11386
3,113519,710,0,5,Calmed,Calmed,100,11387
3,113522,710,0,5,Calmed,Calmed,100,11388
3,113525,710,0,5,Calmed,Calmed,100,11389
3,113527,710,0,5,Calmed,Calmed,100,11390
3,113530,710,0,5,Calmed,Calmed,100,11391
3,113532,710,0,5,Calmed,Calmed,100,11392
3,113535,710,0,5,Calmed,Calmed,100,11393
3,113538,710,0,5,Calmed,Calmed,100,11394
3,113541,710,0,5,Calmed,Calmed,100,11395
3,113543,710,0,5,Calmed,Calmed,100,11396
3,113546,710,0,5,Calmed,Calmed,100,11397
3,113548,710,0,5,Calmed,Calmed,100,11398
3,113551,710,0,5,Calmed,Calmed,100,11399
3,113555,710,0,5,Calmed,Calmed,100,11400
3,113559,710,0,5,Calmed,Calmed,100,11401
3,113561,710,0,5,Calmed,Calmed,100,11402
3,113564,710,0,5,Calmed,Calmed,100,11403
3,113566,710,0,5,Calmed,Calmed,100,11404
3,113569,710,0,5,Calmed,Calmed,100,11405
3,113572,710,0,5,Calmed,Calmed,100,11406
3,113576,710,0,5,Calmed,Calmed,100,11407
3,113579,710,0,5,Calmed,Calmed,100,11408
3,113581,710,0,5,Calmed,Calmed,100,11409
3,113584,710,0,5,Calmed,Calmed,100,11410
3,113587,710,0,5,Calmed,Calmed,100,11411
3,113590,710,0,5,Calmed,Calmed,100,11412
3,113592,710,0,5,Calmed,Calmed,100,11413
3,113595,710,0,5,Calmed,Calmed,100,11414
3,113597,710,0,5,Calmed,Calmed,100,11415
3,113600,710,0,5,Calmed,Calmed,100,11416
3,113603,710,0,5,Calmed,Calmed,100,11417
3,113608,710,0,5,Calmed,Calmed,100,11418
3,113610,710,0,5,Calmed,Calmed,100,11419
3,113613,710,0,5,Calmed,Calmed,100,11420
3,113615,710,0,5,Calmed,Calmed,100,11421
3,113618,710,0,5,Calmed,Calmed,100,11422
3,113621,710,0,5,Calmed,Calmed,100,11423
3,113623,710,0,5,Calmed,Calmed,100,11424
3,113626,710,0,5,Calmed,Calmed,100,11425
3,113630,710,0,5,Calmed,Calmed,100,11426
3,113633,710,0,5,Calmed,Calmed,100,11427
3,113635,710,0,5,Calmed,Calmed,100,11428
3,113639,710,0,5,Calmed,Calmed,100,11429
3,113642,710,0,5,Calmed,Calmed,100,11430
3,113644,710,0,5,Calmed,Calmed,100,11431
3,113646,710,0,5,Calmed,Calmed,100,11432
3,113649,710,0,5,Calmed,Calmed,100,11433
3,113651,710,0,5,Calmed,Calmed,100,11434
3,113655,710,0,5,Calmed,Calmed,100,11435
3,113659,710,0,5,Calmed,Calmed,100,11436
3,113662,710,0,5,Calmed,Calmed,100,11437
3,113664,710,0,5,Calmed,Calmed,100,11438
3,113667,710,0,5,Calmed,Calmed,100,11439
3,113670,710,0,5,Calmed,Calmed,100,11440
3,113673,710,0,5,Calmed,Calmed,100,11441
3,113675,710,0,5,Calmed,Calmed,100,11442
3,113677,710,0,5,Calmed,Calmed,100,11443
3,113680,710,0,5,Calmed,Calmed,100,11444
3,113682,710,0,5,Calmed,Calmed,100,11445
3,113685,710,0,5,Calmed,Calmed,100,11446
3,113689,710,0,5,Calmed,Calmed,100,11447
3,113691,710,0,5,Calmed,Calmed,100,11448
3,113693,710,0,5,Calmed,Calmed,100,11449
3,113696,710,0,5,Calmed,Calmed,100,11450
3,113698,710,0,5,Calmed,Calmed,100,11451
3,113701,710,0,5,Calmed,Calmed,100,11452
3,113705,710,0,5,Calmed,Calmed,100,11453
3,113709,710,0,5,Calmed,Calmed,100,11454
3,113711,710,0,5,Calmed,Calmed,100,11455
3,113714,710,0,5,Calmed,Calmed,100,11456
3,113716,710,0,5,Calmed,Calmed,100,11457
3,113719,710,0,5,Calmed,Calmed,100,11458
3,113722,710,0,5,Calmed,Calmed,100,11459
3,113727,710,0,5,Calmed,Calmed,100,11460
3,113729,710,0,5,Calmed,Calmed,100,11461
3,113731,710,0,5,Calmed,Calmed,100,11462
3,113734,710,0,5,Calmed,Calmed,100,11463
3,113737,710,0,5,Calmed,Calmed,100,11464
3,113740,710,0,5,Calmed,Calmed,100,11465
3,113742,710,0,5,Calmed,Calmed,100,11466
3,113745,710,0,5,Calmed,Calmed,100,11467
3,113747,710,0,5,Calmed,Calmed,100,11468
3,113750,710,0,5,Calmed,Calmed,100,11469
3,113753,710,0,5,Calmed,Calmed,100,11470
3,113756,710,0,5,Calmed,Calmed,100,11471
3,113758,710,0,5,Calmed,Calmed,100,11472
3,113761,710,0,5,Calmed,Calmed,100,11473
3,113763,710,0,5,Calmed,Calmed,100,11474
3,113768,710,0,5,Calmed,Calmed,100,11475
3,113771,710,0,5,Calmed,Calmed,100,11476
3,113774,710,0,5,Calmed,Calmed,100,11477
3,113776,710,0,5,Calmed,Calmed,100,11478
3,113779,710,0,5,Calmed,Calmed,100,11479
3,113782,710,0,5,Calmed,Calmed,100,11480
3,113784,710,0,5,Calmed,Calmed,100,11481
3,113787,710,0,5,Calmed,Calmed,100,11482
3,113790,710,0,5,Calmed,Calmed,100,11483
3,113793,710,0,5,Calmed,Calmed,100,11484
3,113795,710,0,5,Calmed,Calmed,100,11485
3,113798,710,0,5,Calmed,Calmed,100,11486
3,113800,710,0,5,Calmed,Calmed,100,11487
3,113803,710,0,5,Calmed,Calmed,100,11488
3,113806,710,0,5,Calmed,Calmed,100,11489
3,113809,710,0,5,Calmed,Calmed,100,11490
3,113811,710,0,5,Calmed,Calmed,100,11491
3,113816,710,0,5,Calmed,Calmed,100,11492
3,113819,710,0,5,Calmed,Calmed,100,11493
3,113822,710,0,5,Calmed,Calmed,100,11494
3,113825,710,0,5,Calmed,Calmed,100,11495
3,113829,710,0,5,Calmed,Calmed,100,11496
3,113831,710,0,5,Calmed,Calmed,100,11497
3,113834,710,0,5,Calmed,Calmed,100,11498
3,113837,710,0,5,Calmed,Calmed,100,11499
3,113840,710,0,5,Calmed,Calmed,100,11500
3,113842,710,0,5,Calmed,Calmed,100,11501
3,113844,710,0,5,Calmed,Calmed,100,11502
3,113847,710,0,5,Calmed,Calmed,100,11503
3,113849,710,0,5,Calmed,Calmed,100,11504
3,113852,710,0,5,Calmed,Calmed,100,11505
3,113856,710,0,5,Calmed,Calmed,100,11506
3,113858,710,0,5,Calmed,Calmed,100,11507
3,113862,710,0,5,Calmed,Calmed,100,11508
3,113865,710,0,5,Calmed,Calmed,100,11509
3,113867,710,0,5,Calmed,Calmed,100,11510
3,113870,710,0,5,Calmed,Calmed,100,11511
3,113873,710,0,5,Calmed,Calmed,100,11512
3,113876,710,0,5,Calmed,Calmed,100,11513
3,113878,710,0,5,Calmed,Calmed,100,11514
3,113881,710,0,5,Calmed,Calmed,100,11515
3,113883,710,0,5,Calmed,Calmed,100,11516
3,113889,710,0,5,Calmed,Calmed,100,11517
3,113891,710,0,5,Calmed,Calmed,100,11518
3,113894,710,0,5,Calmed,Calmed,100,11519
3,113896,710,0,5,Calmed,Calmed,100,11520
3,113898,710,0,5,Calmed,Calmed,100,11521
3,113901,710,0,5,Calmed,Calmed,100,11522
3,113905,710,0,5,Calmed,Calmed,100,11523
3,113907,710,0,5,Calmed,Calmed,100,11524
3,113909,710,0,5,Calmed,Calmed,100,11525
3,113912,710,0,5,Calmed,Calmed,100,11526
3,113914,710,0,5,Calmed,Calmed,100,11527
3,113919,710,0,5,Calmed,Calmed,100,11528
3,113923,710,0,5,Calmed,Calmed,100,11529
3,113925,710,0,5,Calmed,Calmed,100,11530
3,113927,710,0,5,Calmed,Calmed,100,11531
3,113930,710,0,5,Calmed,Calmed,100,11532
3,113932,710,0,5,Calmed,Calmed,100,11533
3,113935,710,0,5,Calmed,Calmed,100,11534
3,113938,710,0,5,Calmed,Calmed,100,11535
3,113941,710,0,5,Calmed,Calmed,100,11536
3,113943,710,0,5,Calmed,Calmed,100,11537
3,113945,710,0,5,Calmed,Calmed,100,11538
3,113948,710,0,5,Calmed,Calmed,100,11539
3,113951,710,0,5,Calmed,Calmed,100,11540
3,113954,710,0,5,Calmed,Calmed,100,11541
3,113957,710,0,5,Calmed,Calmed,100,11542
3,113959,710,0,5,Calmed,Calmed,100,11543
3,113962,710,0,5,Calmed,Calmed,100,11544
3,113966,710,0,5,Calmed,Calmed,100,11545
3,113968,710,0,5,Calmed,Calmed,100,11546
3,113972,710,0,5,Calmed,Calmed,100,11547
3,113974,710,0,5,Calmed,Calmed,100,11548
3,113977,710,0,5,Calmed,Calmed,100,11549
3,113981,710,0,5,Calmed,Calmed,100,11550
3,113984,710,0,5,Calmed,Calmed,100,11551
3,113987,710,0,5,Calmed,Calmed,100,11552
3,113990,710,0,5,Calmed,Calmed,100,11553
3,113992,710,0,5,Calmed,Calmed,100,11554
3,113995,710,0,5,Calmed,Calmed,100,11555
3,113997,710,0,5,Calmed,Calmed,100,11556
3,114000,710,0,5,Calmed,Calmed,100,11557
3,114003,710,0,5,Calmed,Calmed,100,11558
3,114006,710,0,5,Calmed,Calmed,100,11559
3,114008,710,0,5,Calmed,Calmed,100,11560
3,114011,710,0,5,Calmed,Calmed,100,11561
3,114015,710,0,5,Calmed,Calmed,100,11562
3,114018,710,0,5,Calmed,Calmed,100,11563
3,114020,710,0,5,Calmed,Calmed,100,11564
3,114024,710,0,5,Calmed,Calmed,100,11565
3,114026,710,0,5,Calmed,Calmed,100,11566
3,114028,710,0,5,Calmed,Calmed,100,11567
3,114031,710,0,5,Calmed,Calmed,100,11568
3,114034,710,0,5,Calmed,Calmed,100,11569
3,114037,710,0,5,Calmed,Calmed,100,11570
3,114040,710,0,5,Calmed,Calmed,100,11571
3,114042,710,0,5,Calmed,Calmed,100,11572